params_lst := [[5,2,0,1],
[9,4,1,2],
[10,3,0,1],
[13,6,2,3],
[15,6,1,3],
[16,5,0,2],
[16,6,2,2],
[17,8,3,4],
[21,10,3,6],
[25,8,3,2],
[25,12,5,6],
[26,10,3,4],
[27,10,1,5],
[28,12,6,4],
[29,14,6,7],
[35,16,6,8],
[36,10,4,2],
[36,14,4,6],
[36,14,7,4],
[36,15,6,6],
[37,18,8,9],
[40,12,2,4],
[41,20,9,10],
[45,12,3,3],
[45,16,8,4],
[45,22,10,11],
[49,12,5,2],
[49,18,7,6],
[49,24,11,12],
[50,7,0,1],
[50,21,8,9],
[53,26,12,13],
[55,18,9,4],
[56,10,0,2],
[57,24,11,9],
[61,30,14,15],
[63,30,13,15],
[64,14,6,2],
[64,18,2,6],
[64,21,8,6],
[64,27,10,12],
[64,28,12,12],
[65,32,15,16],
[66,20,10,4],
[69,20,7,5],
[70,27,12,9],
[73,36,17,18],
[77,16,0,4],
[78,22,11,4],
[81,16,7,2],
[81,20,1,6],
[81,24,9,6],
[81,30,9,12],
[81,32,13,12],
[81,40,19,20],
[82,36,15,16],
[85,14,3,2],
[85,20,3,5],
[85,30,11,10],
[85,42,20,21],
[88,27,6,9],
[89,44,21,22],
[91,24,12,4],
[96,19,2,4],
[96,20,4,4],
[96,35,10,14],
[97,48,23,24],
[99,14,1,2],
[99,42,21,15],
[99,48,22,24],
[100,18,8,2],
[100,22,0,6],
[100,27,10,6],
[100,33,8,12],
[100,33,14,9],
[100,36,14,12],
[100,44,18,20],
[100,45,20,20],
[101,50,24,25],
[105,26,13,4],
[105,32,4,12],
[105,40,15,15],
[105,52,21,30],
[109,54,26,27],
[111,30,5,9],
[111,44,19,16],
[112,30,2,10],
[112,36,10,12],
[113,56,27,28],
[115,18,1,3],
[117,36,15,9],
[117,58,28,29],
[119,54,21,27],
[120,28,14,4],
[120,34,8,10],
[120,35,10,10],
[120,42,8,18],
[120,51,18,24],
[120,56,28,24],
[121,20,9,2],
[121,30,11,6],
[121,36,7,12],
[121,40,15,12],
[121,48,17,20],
[121,50,21,20],
[121,60,29,30],
[122,55,24,25],
[125,28,3,7],
[125,52,15,26],
[125,62,30,31],
[126,25,8,4],
[126,45,12,18],
[126,50,13,24],
[126,60,33,24],
[130,48,20,16],
[133,24,5,4],
[133,32,6,8],
[133,44,15,14],
[135,64,28,32],
[136,30,8,6],
[136,30,15,4],
[136,60,24,28],
[136,63,30,28],
[137,68,33,34],
[143,70,33,35],
[144,22,10,2],
[144,33,12,6],
[144,39,6,12],
[144,44,16,12],
[144,52,16,20],
[144,55,22,20],
[144,65,28,30],
[144,66,30,30],
[145,72,35,36],
[147,66,25,33],
[148,63,22,30],
[148,70,36,30],
[149,74,36,37],
[153,32,16,4],
[153,56,19,21],
[153,76,37,38],
[154,48,12,16],
[154,72,26,40],
[155,42,17,9],
[156,30,4,6],
[157,78,38,39],
[160,54,18,18],
[162,21,0,3],
[162,23,4,3],
[162,49,16,14],
[162,56,10,24],
[162,69,36,24],
[165,36,3,9],
[169,24,11,2],
[169,36,13,6],
[169,42,5,12],
[169,48,17,12],
[169,56,15,20],
[169,60,23,20],
[169,70,27,30],
[169,72,31,30],
[169,84,41,42],
[170,78,35,36],
[171,34,17,4],
[171,50,13,15],
[171,60,15,24],
[173,86,42,43],
[175,30,5,5],
[175,66,29,22],
[175,72,20,36],
[176,25,0,4],
[176,40,12,8],
[176,45,18,9],
[176,49,12,14],
[176,70,18,34],
[176,70,24,30],
[176,85,48,34],
[181,90,44,45],
[183,52,11,16],
[183,70,29,25],
[185,92,45,46],
[189,48,12,12],
[189,60,27,15],
[189,88,37,44],
[190,36,18,4],
[190,45,12,10],
[190,84,33,40],
[190,84,38,36],
[190,90,45,40],
[193,96,47,48],
[195,96,46,48],
[196,26,12,2],
[196,39,2,9],
[196,39,14,6],
[196,45,4,12],
[196,52,18,12],
[196,60,14,20],
[196,60,23,16],
[196,65,24,20],
[196,75,26,30],
[196,78,32,30],
[196,81,42,27],
[196,90,40,42],
[196,91,42,42],
[197,98,48,49],
[204,28,2,4],
[204,63,22,18],
[205,68,15,26],
[205,96,50,40],
[205,102,50,51],
[208,45,8,10],
[208,75,30,25],
[208,81,24,36],
[209,52,15,12],
[209,100,45,50],
[210,33,0,6],
[210,38,19,4],
[210,76,26,28],
[210,77,28,28],
[210,95,40,45],
[210,99,48,45],
[216,40,4,8],
[216,43,10,8],
[216,75,18,30],
[216,86,40,30],
[216,90,39,36],
[217,66,15,22],
[217,88,39,33],
[220,72,22,24],
[220,84,38,28],
[221,64,24,16],
[221,110,54,55],
[222,51,20,9],
[225,28,13,2],
[225,42,15,6],
[225,48,3,12],
[225,56,19,12],
[225,64,13,20],
[225,70,25,20],
[225,80,25,30],
[225,84,33,30],
[225,96,39,42],
[225,96,51,33],
[225,98,43,42],
[225,112,55,56],
[226,105,48,49],
[229,114,56,57],
[231,30,9,3],
[231,40,20,4],
[231,70,21,21],
[231,90,33,36],
[232,33,2,5],
[232,63,14,18],
[232,77,36,20],
[232,81,30,27],
[233,116,57,58],
[235,42,9,7],
[235,52,9,12],
[236,55,18,11],
[238,75,20,25],
[241,120,59,60],
[243,22,1,2],
[243,66,9,21],
[243,110,37,60],
[243,112,46,56],
[244,108,42,52],
[244,117,60,52],
[245,52,3,13],
[245,64,18,16],
[245,108,39,54],
[245,122,60,61],
[246,85,20,34],
[246,105,36,51],
[246,119,64,51],
[247,54,21,9],
[249,88,27,33],
[250,81,24,27],
[250,96,44,32],
[253,42,21,4],
[253,112,36,60],
[255,126,61,63],
[256,30,14,2],
[256,45,16,6],
[256,51,2,12],
[256,60,20,12],
[256,68,12,20],
[256,75,26,20],
[256,85,24,30],
[256,90,34,30],
[256,102,38,42],
[256,105,44,42],
[256,119,54,56],
[256,120,56,56],
[257,128,63,64],
[259,42,5,7],
[260,70,15,20],
[261,52,11,10],
[261,64,14,16],
[261,80,25,24],
[261,84,39,21],
[261,130,64,65],
[265,96,32,36],
[265,132,65,66],
[266,45,0,9],
[269,134,66,67],
[273,72,21,18],
[273,80,19,25],
[273,102,41,36],
[273,136,65,70],
[275,112,30,56],
[276,44,22,4],
[276,75,10,24],
[276,75,18,21],
[276,110,52,38],
[276,135,78,54],
[277,138,68,69],
[279,128,52,64],
[280,36,8,4],
[280,62,12,14],
[280,63,14,14],
[280,117,44,52],
[280,124,48,60],
[280,135,70,60],
[281,140,69,70],
[285,64,8,16],
[286,95,24,35],
[286,125,60,50],
[287,126,45,63],
[288,41,4,6],
[288,42,6,6],
[288,105,52,30],
[288,112,36,48],
[288,123,42,60],
[288,140,76,60],
[289,32,15,2],
[289,48,17,6],
[289,64,21,12],
[289,72,11,20],
[289,80,27,20],
[289,90,23,30],
[289,96,35,30],
[289,108,37,42],
[289,112,45,42],
[289,126,53,56],
[289,128,57,56],
[289,144,71,72],
[290,136,63,64],
[293,146,72,73],
[297,40,7,5],
[297,104,31,39],
[297,128,64,48],
[300,26,4,2],
[300,46,23,4],
[300,65,10,15],
[300,69,18,15],
[300,104,28,40],
[300,115,50,40],
[300,117,60,36],
[301,60,23,9],
[301,108,27,45],
[301,150,65,84],
[304,108,42,36],
[305,76,27,16],
[305,152,75,76],
[306,55,4,11],
[306,60,10,12],
[313,156,77,78],
[317,158,78,79],
[319,150,65,75],
[320,87,22,24],
[320,88,24,24],
[320,99,18,36],
[320,132,46,60],
[320,145,60,70],
[320,154,78,70],
[322,96,20,32],
[323,160,78,80],
[324,34,16,2],
[324,51,18,6],
[324,68,7,16],
[324,68,22,12],
[324,76,10,20],
[324,85,28,20],
[324,95,22,30],
[324,95,34,25],
[324,102,36,30],
[324,114,36,42],
[324,119,46,42],
[324,133,52,56],
[324,136,58,56],
[324,152,70,72],
[324,153,72,72],
[325,48,24,4],
[325,54,3,10],
[325,60,15,10],
[325,68,3,17],
[325,72,15,16],
[325,144,68,60],
[325,162,80,81],
[329,40,3,5],
[330,63,24,9],
[330,105,40,30],
[330,140,58,60],
[333,166,82,83],
[336,80,28,16],
[336,125,40,50],
[336,135,54,54],
[337,168,83,84],
[340,108,30,36],
[341,70,15,14],
[341,84,19,21],
[341,102,31,30],
[342,33,4,3],
[342,66,15,12],
[343,54,5,9],
[343,102,21,34],
[343,114,45,34],
[343,150,53,75],
[343,162,81,72],
[344,147,50,72],
[344,168,92,72],
[345,120,35,45],
[345,128,46,48],
[349,174,86,87],
[351,50,13,6],
[351,50,25,4],
[351,70,13,14],
[351,110,37,33],
[351,112,43,32],
[351,126,45,45],
[351,140,49,60],
[351,140,73,44],
[351,160,64,80],
[352,26,0,2],
[352,36,0,4],
[352,39,6,4],
[352,108,44,28],
[352,117,36,40],
[352,126,50,42],
[352,156,60,76],
[352,171,90,76],
[353,176,87,88],
[357,100,35,25],
[361,36,17,2],
[361,54,19,6],
[361,72,23,12],
[361,80,9,20],
[361,90,29,20],
[361,100,21,30],
[361,108,37,30],
[361,120,35,42],
[361,126,47,42],
[361,140,51,56],
[361,144,59,56],
[361,160,69,72],
[361,162,73,72],
[361,180,89,90],
[362,171,80,81],
[363,170,73,85],
[364,33,2,3],
[364,66,20,10],
[364,88,12,24],
[364,120,38,40],
[364,121,48,36],
[364,165,68,80],
[364,176,90,80],
[365,182,90,91],
[369,184,91,92],
[371,120,44,36],
[372,56,10,8],
[373,186,92,93],
[375,66,9,12],
[375,68,13,12],
[375,102,45,21],
[375,110,25,35],
[375,136,44,52],
[375,154,53,70],
[375,170,85,70],
[375,176,94,72],
[375,182,85,91],
[376,105,32,28],
[376,175,78,84],
[376,180,88,84],
[377,180,81,90],
[377,188,93,94],
[378,52,1,8],
[378,52,26,4],
[378,116,34,36],
[378,117,36,36],
[378,174,75,84],
[378,182,91,84],
[381,114,29,36],
[381,140,55,49],
[385,60,5,10],
[385,168,77,70],
[389,194,96,97],
[391,140,39,56],
[391,182,93,77],
[392,46,0,6],
[392,51,10,6],
[392,69,26,9],
[392,115,18,40],
[392,136,60,40],
[392,153,54,63],
[396,135,30,54],
[396,150,51,60],
[397,198,98,99],
[399,198,97,99],
[400,21,2,1],
[400,38,18,2],
[400,56,6,8],
[400,57,20,6],
[400,76,24,12],
[400,84,8,20],
[400,95,30,20],
[400,105,20,30],
[400,114,38,30],
[400,126,34,42],
[400,133,42,45],
[400,133,48,42],
[400,147,50,56],
[400,152,60,56],
[400,156,74,52],
[400,168,68,72],
[400,171,74,72],
[400,189,88,90],
[400,190,90,90],
[401,200,99,100],
[405,96,18,24],
[405,132,63,33],
[405,196,91,98],
[405,202,100,101],
[406,54,27,4],
[406,108,30,28],
[406,165,68,66],
[406,189,84,91],
[406,195,96,91],
[407,126,45,36],
[408,110,28,30],
[408,176,70,80],
[409,204,101,102],
[411,130,45,39],
[413,112,36,28],
[414,63,12,9],
[416,100,36,20],
[416,165,64,66],
[418,147,56,49],
[421,210,104,105],
[424,99,26,22],
[425,72,27,9],
[425,160,60,60],
[425,212,105,106],
[428,112,21,32],
[429,108,27,27],
[430,39,8,3],
[430,135,36,45],
[430,165,68,60],
[433,216,107,108],
[435,56,28,4],
[435,154,53,55],
[435,182,73,78],
[437,100,15,25],
[438,92,31,16],
[441,40,19,2],
[441,56,7,7],
[441,60,21,6],
[441,80,25,12],
[441,88,7,20],
[441,88,35,13],
[441,100,31,20],
[441,110,19,30],
[441,120,39,30],
[441,132,33,42],
[441,140,49,42],
[441,152,43,57],
[441,154,49,56],
[441,160,61,56],
[441,176,67,72],
[441,176,85,60],
[441,180,75,72],
[441,184,87,69],
[441,190,89,76],
[441,198,87,90],
[441,200,91,90],
[441,220,95,124],
[441,220,109,110],
[442,210,99,100],
[445,222,110,111],
[448,150,50,50],
[448,162,66,54],
[449,224,111,112],
[451,130,33,39],
[451,156,57,52],
[456,65,10,9],
[456,80,4,16],
[456,104,22,24],
[456,130,24,42],
[456,140,40,44],
[456,140,58,36],
[456,175,78,60],
[456,182,73,72],
[456,195,74,90],
[457,228,113,114],
[459,208,82,104],
[460,85,18,15],
[460,99,18,22],
[460,147,42,49],
[460,204,78,100],
[460,216,116,88],
[460,225,120,100],
[461,230,114,115],
[465,58,29,4],
[465,144,43,45],
[465,192,72,84],
[470,126,27,36],
[474,165,52,60],
[475,90,25,15],
[475,96,32,16],
[476,133,42,35],
[476,133,60,28],
[477,140,31,45],
[477,168,57,60],
[477,238,118,119],
[481,240,119,120],
[483,240,118,120],
[484,42,20,2],
[484,63,22,6],
[484,84,26,12],
[484,92,6,20],
[484,105,14,25],
[484,105,32,20],
[484,115,18,30],
[484,126,40,30],
[484,138,32,42],
[484,138,47,36],
[484,147,50,42],
[484,161,48,56],
[484,168,62,56],
[484,184,66,72],
[484,189,76,72],
[484,207,86,90],
[484,210,92,90],
[484,230,108,110],
[484,231,110,110],
[485,242,120,121],
[486,97,16,20],
[486,100,22,20],
[486,194,67,84],
[486,210,99,84],
[490,144,28,48],
[490,165,56,55],
[490,192,92,64],
[493,246,122,123],
[494,85,12,15],
[495,38,1,3],
[495,78,29,9],
[495,104,28,20],
[495,190,53,85],
[495,190,85,65],
[495,208,86,88],
[495,234,93,126],
[495,238,109,119],
[496,54,4,6],
[496,60,30,4],
[496,110,18,26],
[496,135,38,36],
[496,198,80,78],
[496,231,102,112],
[496,240,120,112],
[497,186,55,78],
[497,240,127,105],
[498,161,64,46],
[505,84,3,16],
[505,120,39,25],
[505,180,53,70],
[505,224,108,92],
[505,252,125,126],
[506,100,18,20],
[507,44,1,4],
[507,46,5,4],
[507,138,49,33],
[507,154,41,49],
[507,176,70,56],
[507,184,71,64],
[507,198,57,90],
[507,230,121,90],
[507,240,106,120],
[508,234,100,114],
[508,247,126,114],
[509,254,126,127],
[511,68,15,8],
[511,78,5,13],
[512,70,6,10],
[512,73,12,10],
[512,133,24,38],
[512,196,60,84],
[512,219,106,84],
[513,120,21,30],
[518,132,26,36],
[521,260,129,130],
[525,128,28,32],
[525,144,48,36],
[527,256,120,128],
[528,62,31,4],
[528,102,26,18],
[528,186,64,66],
[528,187,66,66],
[528,248,112,120],
[528,255,126,120],
[529,44,21,2],
[529,66,23,6],
[529,88,27,12],
[529,96,5,20],
[529,110,33,20],
[529,120,17,30],
[529,132,41,30],
[529,144,31,42],
[529,154,51,42],
[529,168,47,56],
[529,176,63,56],
[529,192,65,72],
[529,198,77,72],
[529,216,85,90],
[529,220,93,90],
[529,240,107,110],
[529,242,111,110],
[529,264,131,132],
[530,253,120,121],
[532,81,30,9],
[532,126,35,28],
[532,156,30,52],
[532,243,114,108],
[533,114,25,24],
[533,132,31,33],
[533,154,45,44],
[533,266,132,133],
[536,130,48,26],
[539,234,81,117],
[539,250,105,125],
[540,49,8,4],
[540,55,10,5],
[540,77,4,12],
[540,77,22,9],
[540,84,18,12],
[540,98,16,18],
[540,99,18,18],
[540,147,42,39],
[540,147,66,30],
[540,154,28,50],
[540,154,43,44],
[540,154,48,42],
[540,175,70,50],
[540,176,76,48],
[540,187,58,68],
[540,220,103,80],
[540,224,88,96],
[540,231,78,114],
[540,245,100,120],
[540,264,138,120],
[540,266,148,114],
[541,270,134,135],
[544,180,58,60],
[545,272,135,136],
[546,125,40,25],
[546,225,96,90],
[549,274,136,137],
[550,63,8,7],
[550,117,20,26],
[550,162,75,36],
[550,192,72,64],
[550,225,80,100],
[552,76,0,12],
[553,72,11,9],
[557,278,138,139],
[559,264,116,132],
[560,129,28,30],
[560,130,30,30],
[560,208,72,80],
[560,234,108,90],
[560,247,102,114],
[560,258,110,126],
[560,273,140,126],
[561,60,9,6],
[561,64,32,4],
[561,140,31,36],
[561,176,55,55],
[561,240,99,105],
[565,240,104,100],
[565,282,140,141],
[567,256,100,128],
[568,217,66,93],
[568,252,96,124],
[568,279,150,124],
[569,284,141,142],
[575,112,45,16],
[575,126,29,27],
[575,286,141,143],
[576,46,22,2],
[576,69,24,6],
[576,92,28,12],
[576,100,4,20],
[576,115,18,24],
[576,115,34,20],
[576,120,28,24],
[576,125,16,30],
[576,138,42,30],
[576,150,30,42],
[576,161,52,42],
[576,175,46,56],
[576,184,64,56],
[576,200,64,72],
[576,207,78,72],
[576,225,84,90],
[576,230,94,90],
[576,245,112,98],
[576,250,106,110],
[576,253,112,110],
[576,275,130,132],
[576,276,132,132],
[577,288,143,144],
[583,96,14,16],
[584,154,36,42],
[585,72,7,9],
[585,200,55,75],
[585,224,88,84],
[585,292,145,146],
[592,216,90,72],
[593,296,147,148],
[595,66,33,4],
[595,90,5,15],
[595,108,35,16],
[595,114,33,19],
[595,126,21,28],
[595,132,33,28],
[595,144,18,40],
[595,198,81,58],
[595,216,68,84],
[598,192,56,64],
[601,300,149,150],
[605,156,43,39],
[605,280,117,140],
[605,302,150,151],
[606,105,4,21],
[606,275,112,135],
[606,297,156,135],
[609,224,91,77],
[610,87,32,9],
[611,250,105,100],
[612,156,50,36],
[612,195,66,60],
[613,306,152,153],
[615,294,133,147],
[616,75,2,10],
[616,120,20,24],
[616,164,42,44],
[616,165,44,44],
[616,205,90,57],
[616,240,89,96],
[616,270,108,126],
[616,287,126,140],
[616,300,152,140],
[617,308,153,154],
[621,60,3,6],
[621,130,31,26],
[621,144,24,36],
[621,220,79,77],
[621,300,123,165],
[624,98,22,14],
[624,161,28,46],
[624,280,132,120],
[625,48,23,2],
[625,72,25,6],
[625,96,29,12],
[625,104,3,20],
[625,112,15,21],
[625,120,35,20],
[625,130,15,30],
[625,144,43,30],
[625,156,29,42],
[625,168,53,42],
[625,182,45,56],
[625,192,65,56],
[625,208,63,72],
[625,216,79,72],
[625,234,83,90],
[625,240,95,90],
[625,246,119,82],
[625,260,105,110],
[625,264,113,110],
[625,286,129,132],
[625,288,133,132],
[625,312,155,156],
[626,300,143,144],
[629,314,156,157],
[630,37,4,2],
[630,68,1,8],
[630,68,34,4],
[630,85,20,10],
[630,111,12,21],
[630,119,28,21],
[630,185,40,60],
[630,204,78,60],
[630,272,124,112],
[636,250,95,100],
[637,60,11,5],
[637,96,5,16],
[637,176,60,44],
[637,186,35,62],
[637,252,91,105],
[637,318,158,159],
[638,49,0,4],
[638,112,36,16],
[638,189,60,54],
[638,273,112,120],
[639,288,112,144],
[640,71,6,8],
[640,72,8,8],
[640,153,44,34],
[640,198,50,66],
[640,210,66,70],
[640,213,72,70],
[640,243,66,108],
[640,284,108,140],
[640,315,170,140],
[641,320,159,160],
[645,140,31,30],
[645,160,38,40],
[645,184,53,52],
[645,210,85,60],
[646,245,84,98],
[649,72,15,7],
[649,216,63,76],
[649,256,108,96],
[650,55,0,5],
[650,121,24,22],
[650,253,108,92],
[651,90,33,9],
[651,182,73,42],
[651,200,55,64],
[651,210,77,63],
[651,234,89,81],
[653,326,162,163],
[657,208,67,65],
[657,256,80,112],
[657,328,147,180],
[657,328,163,164],
[658,162,51,36],
[661,330,164,165],
[664,170,24,50],
[665,280,135,105],
[666,70,35,4],
[666,105,24,15],
[666,245,100,84],
[667,96,0,16],
[672,121,20,22],
[672,176,40,48],
[672,183,54,48],
[672,220,96,60],
[672,231,70,84],
[672,244,96,84],
[672,275,130,100],
[673,336,167,168],
[675,322,145,161],
[675,336,166,168],
[676,45,2,3],
[676,50,24,2],
[676,75,26,6],
[676,100,30,12],
[676,108,2,20],
[676,125,36,20],
[676,135,14,30],
[676,150,23,36],
[676,150,44,30],
[676,162,28,42],
[676,175,54,42],
[676,189,44,56],
[676,189,62,49],
[676,200,66,56],
[676,216,62,72],
[676,225,54,85],
[676,225,80,72],
[676,243,82,90],
[676,250,96,90],
[676,255,114,85],
[676,270,104,110],
[676,275,114,110],
[676,297,128,132],
[676,300,134,132],
[676,315,122,168],
[676,315,138,154],
[676,324,154,156],
[676,325,156,156],
[676,330,168,154],
[677,338,168,169],
[680,175,30,50],
[680,280,108,120],
[682,240,92,80],
[685,342,170,171],
[686,135,24,27],
[686,250,75,100],
[686,285,124,114],
[689,256,120,80],
[689,344,171,172],
[690,52,2,4],
[690,221,76,68],
[690,260,94,100],
[690,273,80,126],
[690,318,121,168],
[693,180,51,45],
[693,192,66,48],
[696,125,10,25],
[697,96,20,12],
[697,108,9,18],
[697,348,167,180],
[697,348,173,174],
[700,216,54,72],
[700,243,90,81],
[701,350,174,175],
[703,72,36,4],
[703,182,81,35],
[704,37,0,2],
[704,190,54,50],
[704,228,52,84],
[705,256,80,100],
[705,308,145,126],
[709,354,176,177],
[711,70,5,7],
[711,230,85,69],
[714,92,10,12],
[714,161,40,35],
[714,217,56,70],
[714,248,97,80],
[715,120,20,20],
[715,154,33,33],
[715,224,48,80],
[715,228,65,76],
[715,266,105,95],
[715,272,102,104],
[721,192,48,52],
[721,220,69,66],
[721,324,147,144],
[722,103,12,15],
[722,105,16,15],
[722,309,116,144],
[722,336,170,144],
[725,196,63,49],
[725,362,180,181],
[726,116,10,20],
[726,125,28,20],
[726,140,22,28],
[726,145,32,28],
[726,145,44,25],
[726,203,40,63],
[726,225,84,63],
[726,270,87,108],
[726,290,127,108],
[726,300,95,144],
[726,325,164,130],
[729,52,25,2],
[729,78,27,6],
[729,88,7,11],
[729,104,31,12],
[729,112,1,20],
[729,130,37,20],
[729,140,13,30],
[729,156,45,30],
[729,168,27,42],
[729,182,55,42],
[729,196,43,56],
[729,208,37,68],
[729,208,67,56],
[729,224,61,72],
[729,234,81,72],
[729,248,67,93],
[729,252,81,90],
[729,260,97,90],
[729,280,103,110],
[729,280,127,95],
[729,286,115,110],
[729,308,127,132],
[729,312,135,132],
[729,320,166,120],
[729,328,127,164],
[729,336,153,156],
[729,338,157,156],
[729,364,181,182],
[730,153,24,34],
[730,324,123,160],
[730,351,168,169],
[730,360,195,160],
[731,250,105,75],
[732,238,92,70],
[733,366,182,183],
[735,318,109,159],
[735,360,172,180],
[736,60,14,4],
[736,105,20,14],
[736,168,32,40],
[736,180,68,36],
[736,195,50,52],
[736,270,114,90],
[736,294,122,114],
[736,315,106,156],
[736,330,140,154],
[736,350,162,170],
[736,357,176,170],
[736,364,204,156],
[737,96,35,9],
[741,74,37,4],
[741,180,39,45],
[741,260,91,91],
[741,320,130,144],
[742,221,60,68],
[742,255,92,85],
[742,285,92,120],
[742,351,180,153],
[745,372,185,186],
[748,180,53,40],
[750,112,20,16],
[750,210,55,60],
[750,214,63,60],
[750,308,118,132],
[750,321,144,132],
[750,343,168,147],
[754,243,72,81],
[755,130,9,25],
[755,174,53,36],
[756,130,4,26],
[756,150,28,30],
[756,160,40,32],
[756,315,138,126],
[757,378,188,189],
[760,143,30,26],
[760,161,30,35],
[760,165,20,40],
[760,220,72,60],
[760,252,82,84],
[760,264,68,104],
[760,345,176,140],
[761,380,189,190],
[765,176,28,44],
[765,192,48,48],
[765,382,190,191],
[768,59,10,4],
[768,117,16,18],
[768,177,36,42],
[768,182,46,42],
[768,236,100,60],
[768,295,102,120],
[768,312,136,120],
[768,325,120,150],
[769,384,191,192],
[771,266,85,95],
[773,386,192,193],
[775,150,45,25],
[775,288,98,112],
[776,124,39,16],
[779,378,177,189],
[780,76,38,4],
[780,171,42,36],
[780,246,76,78],
[780,247,78,78],
[780,369,158,189],
[780,369,168,180],
[780,380,190,180],
[781,290,93,116],
[781,348,167,145],
[782,99,36,9],
[783,230,49,75],
[783,390,193,195],
[784,54,26,2],
[784,81,28,6],
[784,90,12,10],
[784,108,32,12],
[784,116,0,20],
[784,135,38,20],
[784,145,12,30],
[784,162,46,30],
[784,174,26,42],
[784,189,56,42],
[784,203,42,56],
[784,216,68,56],
[784,228,42,76],
[784,232,60,72],
[784,243,82,72],
[784,261,80,90],
[784,261,108,76],
[784,270,98,90],
[784,290,102,110],
[784,297,116,110],
[784,319,126,132],
[784,324,136,132],
[784,348,152,156],
[784,348,182,132],
[784,351,158,156],
[784,377,180,182],
[784,378,182,182],
[785,392,195,196],
[792,105,6,15],
[792,259,106,74],
[792,336,140,144],
[792,350,160,150],
[793,162,21,36],
[793,280,87,105],
[793,330,147,130],
[793,396,197,198],
[797,398,198,199],
[800,85,0,10],
[800,94,18,10],
[800,187,42,44],
[800,204,28,60],
[800,235,90,60],
[800,340,150,140],
[800,357,148,168],
[800,376,204,152],
[801,400,199,200],
[804,143,22,26],
[805,324,123,135],
[805,336,140,140],
[806,180,54,36],
[809,404,201,202],
[813,252,71,81],
[813,290,109,100],
[816,315,114,126],
[816,325,128,130],
[817,240,83,65],
[819,400,190,200],
[820,78,39,4],
[820,90,8,10],
[820,147,18,28],
[820,182,48,38],
[820,210,35,60],
[820,234,68,66],
[820,315,122,120],
[820,390,180,190],
[820,399,198,190],
[821,410,204,205],
[825,96,4,12],
[825,128,40,16],
[825,280,75,105],
[825,320,130,120],
[825,392,175,196],
[826,105,8,14],
[826,132,26,20],
[826,385,168,189],
[826,405,208,189],
[829,414,206,207],
[832,306,130,102],
[833,112,21,14],
[833,130,21,20],
[833,232,81,58],
[833,256,84,76],
[833,416,207,208],
[836,160,24,32],
[836,375,190,150],
[837,76,15,6],
[837,176,40,36],
[837,196,35,49],
[837,286,85,104],
[837,308,127,105],
[837,396,195,180],
[841,56,27,2],
[841,84,29,6],
[841,112,33,12],
[841,140,39,20],
[841,150,11,30],
[841,168,47,30],
[841,180,25,42],
[841,196,57,42],
[841,210,41,56],
[841,224,69,56],
[841,240,59,72],
[841,252,83,72],
[841,270,79,90],
[841,280,99,90],
[841,300,101,110],
[841,308,117,110],
[841,330,125,132],
[841,336,137,132],
[841,360,151,156],
[841,364,159,156],
[841,390,179,182],
[841,392,183,182],
[841,420,209,210],
[842,406,195,196],
[845,204,43,51],
[845,256,108,64],
[845,396,171,198],
[845,422,210,211],
[846,169,24,36],
[846,208,60,48],
[846,260,70,84],
[846,390,165,192],
[846,416,217,192],
[847,94,21,9],
[847,144,26,24],
[847,270,109,75],
[847,282,81,100],
[847,300,117,100],
[847,360,143,160],
[847,390,161,195],
[848,121,24,16],
[848,231,70,60],
[848,297,96,108],
[848,385,156,190],
[848,418,222,190],
[850,261,64,87],
[850,336,164,112],
[851,306,97,117],
[851,360,163,144],
[853,426,212,213],
[855,126,21,18],
[855,168,20,36],
[855,182,37,39],
[855,294,93,105],
[855,336,150,120],
[856,95,6,11],
[856,120,21,16],
[856,209,72,44],
[857,428,213,214],
[861,80,40,4],
[861,140,31,21],
[861,280,105,84],
[861,300,103,105],
[861,380,163,171],
[865,432,215,216],
[867,416,190,208],
[868,300,110,100],
[868,408,182,200],
[868,425,216,200],
[870,165,36,30],
[871,60,5,4],
[871,144,22,24],
[871,348,137,140],
[872,208,54,48],
[873,436,217,218],
[875,114,13,15],
[875,184,33,40],
[875,190,45,40],
[875,304,78,120],
[875,322,105,126],
[875,342,145,126],
[875,432,210,216],
[876,105,38,9],
[876,280,92,88],
[876,420,198,204],
[876,425,208,204],
[877,438,218,219],
[880,270,66,90],
[880,294,98,98],
[881,440,219,220],
[885,260,55,85],
[889,222,35,62],
[889,288,112,84],
[891,90,9,9],
[891,290,109,87],
[891,320,148,96],
[891,390,189,156],
[894,304,86,112],
[896,180,36,36],
[896,220,84,44],
[896,385,180,154],
[897,126,15,18],
[899,448,222,224],
[900,58,28,2],
[900,87,30,6],
[900,116,34,12],
[900,145,40,20],
[900,155,10,30],
[900,174,48,30],
[900,186,24,42],
[900,203,34,49],
[900,203,58,42],
[900,217,40,56],
[900,232,70,56],
[900,248,58,72],
[900,248,79,64],
[900,261,84,72],
[900,279,78,90],
[900,290,100,90],
[900,310,100,110],
[900,319,118,110],
[900,341,124,132],
[900,348,138,132],
[900,372,150,156],
[900,377,160,156],
[900,403,178,182],
[900,406,184,182],
[900,434,208,210],
[900,435,210,210],
[901,60,3,4],
[901,200,45,44],
[901,224,54,56],
[901,252,71,70],
[901,450,224,225],
[903,82,41,4],
[903,286,89,91],
[903,396,165,180],
[904,301,78,111],
[904,378,177,144],
[905,452,225,226],
[909,454,226,227],
[910,189,28,42],
[910,405,180,180],
[913,192,56,36],
[918,392,166,168],
[923,432,186,216],
[924,142,20,22],
[924,143,22,22],
[924,208,42,48],
[924,273,72,84],
[924,312,76,120],
[924,426,180,210],
[924,455,238,210],
[925,108,39,9],
[925,220,75,45],
[925,330,95,130],
[925,336,104,132],
[925,374,123,170],
[925,378,143,162],
[925,384,158,160],
[925,448,192,240],
[925,462,230,231],
[928,300,90,100],
[928,441,224,196],
[929,464,231,232],
[931,120,11,16],
[931,138,5,23],
[931,162,33,27],
[931,180,29,36],
[931,248,60,68],
[931,280,84,84],
[931,372,143,152],
[931,390,173,156],
[931,450,241,195],
[935,448,204,224],
[936,102,3,12],
[936,110,4,14],
[936,187,18,42],
[936,200,52,40],
[936,220,50,52],
[936,221,52,52],
[936,255,78,66],
[936,330,120,114],
[936,374,157,144],
[936,374,184,126],
[936,375,150,150],
[936,396,150,180],
[936,425,184,200],
[936,440,196,216],
[936,459,234,216],
[937,468,233,234],
[941,470,234,235],
[945,64,8,4],
[945,112,7,14],
[945,118,19,14],
[945,176,31,33],
[945,304,103,95],
[945,320,85,120],
[945,354,153,120],
[945,384,138,168],
[945,432,207,189],
[945,460,217,230],
[946,84,42,4],
[946,243,60,63],
[946,273,80,78],
[946,360,138,136],
[946,450,207,220],
[946,462,231,220],
[949,84,11,7],
[949,474,236,237],
[950,312,115,96],
[950,364,138,140],
[952,351,150,117],
[953,476,237,238],
[957,256,80,64],
[960,126,6,18],
[960,137,28,18],
[960,154,38,22],
[960,245,40,70],
[960,273,76,78],
[960,274,98,70],
[960,364,108,156],
[960,392,148,168],
[961,60,29,2],
[961,90,31,6],
[961,120,35,12],
[961,150,41,20],
[961,160,9,30],
[961,180,49,30],
[961,192,23,42],
[961,210,59,42],
[961,224,39,56],
[961,240,71,56],
[961,256,57,72],
[961,270,85,72],
[961,288,77,90],
[961,300,101,90],
[961,320,99,110],
[961,330,119,110],
[961,352,123,132],
[961,360,139,132],
[961,384,149,156],
[961,390,161,156],
[961,416,177,182],
[961,420,185,182],
[961,448,207,210],
[961,450,211,210],
[961,480,239,240],
[962,465,224,225],
[965,482,240,241],
[966,405,180,162],
[969,176,13,36],
[969,198,57,36],
[969,392,175,147],
[970,380,162,140],
[973,272,96,68],
[975,462,205,231],
[976,117,28,12],
[976,273,92,70],
[976,300,128,76],
[976,455,198,224],
[976,480,248,224],
[977,488,243,244],
[980,88,6,8],
[980,99,18,9],
[980,178,60,26],
[980,264,68,72],
[980,267,74,72],
[980,385,168,140],
[980,429,178,195],
[980,445,210,195],
[981,140,43,16],
[981,340,115,119],
[981,392,133,172],
[981,480,254,216],
[981,490,244,245],
[985,492,245,246],
[986,180,18,36],
[987,170,49,25],
[988,140,18,20],
[989,484,231,242],
[990,86,43,4],
[990,344,118,120],
[990,345,120,120],
[990,368,124,144],
[990,473,220,231],
[990,483,240,231],
[993,310,89,100],
[993,352,131,121],
[997,498,248,249],
[999,448,172,224],
[1000,108,8,12],
[1000,111,14,12],
[1000,117,18,13],
[1000,185,30,35],
[1000,189,38,35],
[1000,207,30,46],
[1000,222,60,46],
[1000,270,80,70],
[1000,333,108,112],
[1000,336,114,112],
[1000,405,140,180],
[1000,407,150,176],
[1000,432,200,176],
[1000,444,168,220],
[1000,444,218,180],
[1000,486,219,252],
[1000,495,270,220],
[1001,136,27,17],
[1001,150,13,24],
[1001,160,12,28],
[1001,280,63,84],
[1001,300,103,84],
[1001,384,152,144],
[1001,450,207,198],
[1003,300,65,100],
[1007,486,225,243],
[1008,57,6,3],
[1008,152,16,24],
[1008,159,30,24],
[1008,265,68,70],
[1008,266,70,70],
[1008,342,96,126],
[1008,371,154,126],
[1008,456,194,216],
[1008,475,250,200],
[1008,477,216,234],
[1008,494,250,234],
[1009,504,251,252],
[1012,336,110,112],
[1013,506,252,253],
[1015,150,5,25],
[1015,182,21,35],
[1015,312,113,88],
[1016,259,42,74],
[1017,344,91,129],
[1017,508,253,254],
[1021,510,254,255],
[1023,336,90,120],
[1023,510,253,255],
[1024,62,30,2],
[1024,93,32,6],
[1024,124,36,12],
[1024,155,42,20],
[1024,165,8,30],
[1024,186,50,30],
[1024,198,22,42],
[1024,217,60,42],
[1024,231,38,56],
[1024,248,72,56],
[1024,264,56,72],
[1024,279,86,72],
[1024,297,76,90],
[1024,310,102,90],
[1024,330,98,110],
[1024,341,120,110],
[1024,363,122,132],
[1024,372,140,132],
[1024,378,162,126],
[1024,396,148,156],
[1024,403,162,156],
[1024,429,176,182],
[1024,434,186,182],
[1024,462,206,210],
[1024,465,212,210],
[1024,495,238,240],
[1024,496,240,240],
[1025,512,255,256],
[1026,205,28,44],
[1026,220,58,44],
[1026,325,100,104],
[1026,369,144,126],
[1026,385,128,154],
[1026,400,124,176],
[1026,420,177,168],
[1026,451,212,187],
[1027,114,41,9],
[1027,342,81,130],
[1027,450,225,175],
[1029,260,67,65],
[1029,288,102,72],
[1029,500,235,250],
[1030,490,225,240],
[1030,504,253,240],
[1033,516,257,258],
[1035,88,44,4],
[1035,330,105,105],
[1035,440,196,180],
[1035,462,201,210],
[1035,490,217,245],
[1036,144,44,16],
[1036,230,33,56],
[1036,285,84,76],
[1036,375,110,150],
[1036,405,138,171],
[1036,483,210,238],
[1036,483,242,210],
[1036,510,264,238],
[1037,518,258,259],
[1041,336,115,105],
[1044,168,42,24],
[1044,175,50,25],
[1045,234,53,52],
[1045,260,63,65],
[1045,276,83,69],
[1045,290,81,80],
[1045,324,123,90],
[1045,384,108,160],
[1045,396,143,154],
[1049,524,261,262],
[1053,240,36,60],
[1053,252,51,63],
[1053,526,262,263],
[1054,363,132,121],
[1054,441,168,196],
[1055,186,17,36],
[1055,238,69,49],
[1056,210,40,42],
[1056,405,144,162],
[1058,147,16,21],
[1058,151,24,21],
[1058,364,165,104],
[1058,420,146,180],
[1058,453,212,180],
[1060,324,78,108],
[1061,530,264,265],
[1065,266,103,54],
[1065,364,113,130],
[1065,416,172,156],
[1066,336,92,112],
[1067,208,42,40],
[1068,275,58,75],
[1069,534,266,267],
[1071,110,13,11],
[1071,320,94,96],
[1071,350,133,105],
[1072,252,56,60],
[1072,261,80,58],
[1072,345,102,115],
[1072,391,150,138],
[1073,64,0,4],
[1073,536,267,268],
[1075,192,44,32],
[1075,210,65,35],
[1078,375,140,125],
[1079,238,57,51],
[1080,78,0,6],
[1080,83,10,6],
[1080,117,42,9],
[1080,221,22,51],
[1080,249,48,60],
[1080,260,70,60],
[1080,332,88,108],
[1080,351,126,108],
[1080,364,88,140],
[1080,415,190,140],
[1080,442,196,170],
[1081,90,45,4],
[1081,486,177,252],
[1083,522,241,261],
[1084,513,232,252],
[1084,532,270,252],
[1085,256,48,64],
[1086,155,4,25],
[1086,210,59,36],
[1089,64,31,2],
[1089,96,33,6],
[1089,128,37,12],
[1089,160,43,20],
[1089,170,7,30],
[1089,192,51,30],
[1089,204,21,42],
[1089,224,61,42],
[1089,238,37,56],
[1089,256,73,56],
[1089,272,55,72],
[1089,288,87,72],
[1089,306,75,90],
[1089,320,67,105],
[1089,320,103,90],
[1089,340,97,110],
[1089,352,121,110],
[1089,374,121,132],
[1089,384,141,132],
[1089,408,147,156],
[1089,408,177,138],
[1089,416,163,156],
[1089,442,175,182],
[1089,448,187,182],
[1089,476,205,210],
[1089,480,213,210],
[1089,500,205,250],
[1089,510,237,240],
[1089,512,241,240],
[1089,544,271,272],
[1090,441,152,196],
[1090,495,200,245],
[1090,528,255,256],
[1090,539,288,245],
[1093,546,272,273],
[1096,285,68,76],
[1097,548,273,274],
[1100,315,90,90],
[1100,343,126,98],
[1100,448,168,192],
[1100,483,218,207],
[1105,80,15,5],
[1105,138,11,18],
[1105,208,39,39],
[1105,336,95,105],
[1105,378,135,126],
[1105,552,275,276],
[1106,340,114,100],
[1106,403,132,155],
[1106,465,208,186],
[1107,378,117,135],
[1109,554,276,277],
[1111,110,9,11],
[1112,396,135,144],
[1116,245,70,49],
[1117,558,278,279],
[1120,363,110,121],
[1120,390,146,130],
[1122,209,16,44],
[1125,288,78,72],
[1125,308,103,77],
[1125,562,280,281],
[1128,92,46,4],
[1128,196,24,36],
[1128,245,28,60],
[1128,322,116,82],
[1129,564,281,282],
[1131,320,76,96],
[1134,198,27,36],
[1134,206,43,36],
[1134,275,40,75],
[1134,308,82,84],
[1134,385,112,140],
[1134,412,166,140],
[1134,418,157,152],
[1134,528,252,240],
[1135,216,45,40],
[1135,238,45,51],
[1136,280,108,56],
[1140,306,60,90],
[1140,391,126,138],
[1140,469,158,217],
[1140,476,202,196],
[1140,544,228,288],
[1144,243,42,54],
[1144,408,162,136],
[1144,495,206,220],
[1145,572,285,286],
[1147,216,60,36],
[1148,481,210,195],
[1150,351,84,117],
[1153,576,287,288],
[1155,576,286,288],
[1156,63,10,3],
[1156,66,32,2],
[1156,75,2,5],
[1156,77,6,5],
[1156,99,34,6],
[1156,132,38,12],
[1156,165,44,20],
[1156,175,6,30],
[1156,198,52,30],
[1156,210,20,42],
[1156,231,62,42],
[1156,245,36,56],
[1156,264,47,64],
[1156,264,74,56],
[1156,280,54,72],
[1156,297,88,72],
[1156,315,74,90],
[1156,315,98,81],
[1156,330,104,90],
[1156,336,140,80],
[1156,345,74,115],
[1156,350,96,110],
[1156,363,122,110],
[1156,385,120,132],
[1156,396,142,132],
[1156,420,146,156],
[1156,429,164,156],
[1156,455,174,182],
[1156,462,188,182],
[1156,480,164,224],
[1156,490,204,210],
[1156,495,214,210],
[1156,525,236,240],
[1156,528,242,240],
[1156,539,282,224],
[1156,540,293,216],
[1156,560,270,272],
[1156,561,272,272],
[1156,567,258,297],
[1157,578,288,289],
[1160,304,78,80],
[1160,532,234,252],
[1161,136,7,17],
[1161,360,99,117],
[1161,380,145,114],
[1165,582,290,291],
[1166,220,30,44],
[1170,322,79,92],
[1170,350,115,100],
[1170,385,160,110],
[1170,476,178,204],
[1176,50,4,2],
[1176,94,47,4],
[1176,175,14,28],
[1176,188,40,28],
[1176,235,42,48],
[1176,240,52,48],
[1176,275,58,66],
[1176,300,54,84],
[1176,329,112,84],
[1176,400,120,144],
[1176,460,173,184],
[1176,470,172,198],
[1176,470,193,184],
[1176,495,222,198],
[1176,500,256,180],
[1176,525,238,231],
[1176,550,224,286],
[1177,204,41,34],
[1177,224,36,44],
[1178,99,0,9],
[1181,590,294,295],
[1183,192,26,32],
[1183,372,101,124],
[1183,450,205,150],
[1183,552,236,276],
[1184,154,6,22],
[1184,546,230,270],
[1184,585,308,270],
[1189,132,11,15],
[1189,216,35,40],
[1189,396,135,130],
[1189,588,287,294],
[1189,594,296,297],
[1190,123,44,9],
[1190,145,0,20],
[1190,492,202,204],
[1190,493,204,204],
[1190,574,273,280],
[1190,580,285,280],
[1191,374,109,121],
[1191,420,155,144],
[1193,596,297,298],
[1196,250,60,50],
[1197,156,15,21],
[1197,300,75,75],
[1197,364,91,119],
[1197,368,124,108],
[1197,390,141,120],
[1197,416,190,120],
[1197,460,139,200],
[1197,546,245,252],
[1197,598,289,308],
[1199,550,225,275],
[1200,109,8,10],
[1200,110,10,10],
[1200,198,15,36],
[1200,218,28,42],
[1200,231,54,42],
[1200,308,64,84],
[1200,327,70,96],
[1200,352,120,96],
[1200,407,118,148],
[1200,539,238,245],
[1200,545,220,270],
[1200,594,318,270],
[1201,600,299,300],
[1205,448,150,176],
[1205,516,235,210],
[1205,602,300,301],
[1206,490,203,196],
[1208,459,150,189],
[1210,104,18,8],
[1210,117,4,12],
[1210,124,18,12],
[1210,156,47,16],
[1210,325,120,75],
[1210,351,108,99],
[1210,372,119,112],
[1210,390,95,140],
[1210,399,128,133],
[1210,432,172,144],
[1210,434,183,140],
[1210,585,296,270],
[1212,525,230,225],
[1213,606,302,303],
[1215,544,208,272],
[1215,574,253,287],
[1215,598,289,299],
[1216,90,14,6],
[1216,135,6,16],
[1216,144,24,16],
[1216,162,18,22],
[1216,165,24,22],
[1216,270,38,66],
[1216,375,150,100],
[1216,405,144,130],
[1216,465,164,186],
[1216,540,204,268],
[1216,567,246,280],
[1216,585,276,286],
[1216,594,294,286],
[1216,600,312,280],
[1216,603,330,268],
[1217,608,303,304],
[1221,324,99,81],
[1221,500,175,225],
[1221,610,279,330],
[1222,481,180,195],
[1222,528,212,240],
[1225,68,33,2],
[1225,96,48,4],
[1225,102,35,6],
[1225,136,39,12],
[1225,168,35,21],
[1225,170,45,20],
[1225,180,5,30],
[1225,204,53,30],
[1225,216,19,42],
[1225,238,63,42],
[1225,252,35,56],
[1225,264,63,55],
[1225,272,75,56],
[1225,288,53,72],
[1225,306,89,72],
[1225,324,73,90],
[1225,340,105,90],
[1225,360,95,110],
[1225,374,123,110],
[1225,384,138,112],
[1225,396,119,132],
[1225,408,143,132],
[1225,432,145,156],
[1225,442,165,156],
[1225,468,173,182],
[1225,476,189,182],
[1225,480,200,180],
[1225,504,203,210],
[1225,510,215,210],
[1225,520,255,195],
[1225,540,235,240],
[1225,544,243,240],
[1225,576,269,272],
[1225,578,273,272],
[1225,612,305,306],
[1226,595,288,289],
[1229,614,306,307],
[1233,396,129,126],
[1233,532,231,228],
[1233,616,307,308],
[1236,95,10,7],
[1236,195,34,30],
[1236,500,205,200],
[1237,618,308,309],
[1240,231,38,44],
[1240,294,68,70],
[1240,483,194,184],
[1240,567,246,270],
[1241,160,24,20],
[1241,310,81,76],
[1241,490,189,196],
[1241,620,309,310],
[1242,153,24,18],
[1242,425,136,150],
[1242,476,205,168],
[1247,126,45,9],
[1248,86,4,6],
[1248,203,22,35],
[1248,522,246,198],
[1249,624,311,312],
[1251,270,73,54],
[1254,203,52,29],
[1254,560,262,240],
[1258,432,156,144],
[1261,492,171,205],
[1261,574,279,246],
[1261,630,314,315],
[1265,480,185,180],
[1266,385,96,126],
[1266,460,186,156],
[1267,186,5,31],
[1269,288,42,72],
[1270,261,36,58],
[1271,160,48,16],
[1274,201,40,30],
[1274,228,62,36],
[1274,475,180,175],
[1274,513,192,216],
[1275,98,13,7],
[1275,98,49,4],
[1275,234,33,45],
[1275,266,49,57],
[1275,336,134,72],
[1275,350,85,100],
[1275,364,113,100],
[1275,442,153,153],
[1275,490,185,190],
[1275,490,225,165],
[1275,504,228,180],
[1275,518,193,222],
[1275,546,281,198],
[1275,572,247,264],
[1276,50,0,2],
[1276,204,14,36],
[1276,315,58,84],
[1276,330,77,88],
[1276,425,144,140],
[1276,459,202,144],
[1276,600,284,280],
[1277,638,318,319],
[1281,440,145,154],
[1281,540,243,216],
[1285,528,212,220],
[1285,642,320,321],
[1288,162,36,18],
[1288,195,26,30],
[1288,195,54,25],
[1288,234,80,34],
[1288,315,98,70],
[1288,429,180,124],
[1288,462,161,168],
[1288,495,206,180],
[1288,567,246,252],
[1289,644,321,322],
[1295,646,321,323],
[1296,70,34,2],
[1296,105,36,6],
[1296,140,40,12],
[1296,175,46,20],
[1296,185,4,30],
[1296,185,40,24],
[1296,185,58,21],
[1296,210,54,30],
[1296,222,18,42],
[1296,245,64,42],
[1296,250,40,50],
[1296,259,34,56],
[1296,280,76,56],
[1296,296,52,72],
[1296,315,90,72],
[1296,333,72,90],
[1296,343,70,98],
[1296,350,106,90],
[1296,370,94,110],
[1296,385,124,110],
[1296,407,118,132],
[1296,420,144,132],
[1296,444,144,156],
[1296,455,166,156],
[1296,481,172,182],
[1296,490,190,182],
[1296,518,175,228],
[1296,518,202,210],
[1296,518,220,198],
[1296,525,216,210],
[1296,555,234,240],
[1296,555,274,210],
[1296,560,244,240],
[1296,592,268,272],
[1296,595,274,272],
[1296,629,304,306],
[1296,630,306,306],
[1297,648,323,324],
[1300,432,142,144],
[1300,441,154,147],
[1300,516,254,172]];

