partly_cp_params := [ [ 10, 3, 0, 1 ], [ 13, 6, 2, 3 ], [ 15, 6, 1, 3 ], [ 21, 10, 3, 6 ], 
  [ 26, 10, 3, 4 ], [ 27, 10, 1, 5 ], [ 28, 12, 6, 4 ], [ 29, 14, 6, 7 ], 
  [ 35, 16, 6, 8 ], [ 36, 14, 7, 4 ], [ 40, 12, 2, 4 ], [ 45, 12, 3, 3 ], 
  [ 45, 16, 8, 4 ], [ 50, 21, 8, 9 ], [ 53, 26, 12, 13 ], [ 55, 18, 9, 4 ], 
  [ 56, 10, 0, 2 ], [ 57, 24, 11, 9 ], [ 61, 30, 14, 15 ], [ 63, 30, 13, 15 ], 
  [ 66, 20, 10, 4 ], [ 69, 20, 7, 5 ], [ 70, 27, 12, 9 ], [ 77, 16, 0, 4 ], 
  [ 78, 22, 11, 4 ], [ 82, 36, 15, 16 ], [ 85, 14, 3, 2 ], [ 85, 20, 3, 5 ], 
  [ 85, 30, 11, 10 ], [ 85, 42, 20, 21 ], [ 88, 27, 6, 9 ], [ 89, 44, 21, 22 ],
  [ 91, 24, 12, 4 ], [ 96, 35, 10, 14 ], [ 97, 48, 23, 24 ], [ 99, 14, 1, 2 ], 
  [ 99, 42, 21, 15 ], [ 99, 48, 22, 24 ], [ 100, 33, 14, 9 ], 
  [ 105, 26, 13, 4 ], [ 105, 32, 4, 12 ], [ 105, 40, 15, 15 ], 
  [ 105, 52, 21, 30 ], [ 111, 30, 5, 9 ], [ 111, 44, 19, 16 ], 
  [ 112, 30, 2, 10 ], [ 112, 36, 10, 12 ], [ 115, 18, 1, 3 ], 
  [ 117, 36, 15, 9 ], [ 119, 54, 21, 27 ], [ 120, 28, 14, 4 ], 
  [ 120, 42, 8, 18 ], [ 122, 55, 24, 25 ], [ 125, 28, 3, 7 ], 
  [ 125, 52, 15, 26 ], [ 125, 62, 30, 31 ], [ 126, 25, 8, 4 ], 
  [ 126, 50, 13, 24 ], [ 126, 60, 33, 24 ], [ 130, 48, 20, 16 ], 
  [ 133, 24, 5, 4 ], [ 133, 32, 6, 8 ], [ 133, 44, 15, 14 ], 
  [ 135, 64, 28, 32 ], [ 136, 30, 8, 6 ], [ 136, 30, 15, 4 ], 
  [ 136, 60, 24, 28 ], [ 136, 63, 30, 28 ], [ 137, 68, 33, 34 ], 
  [ 143, 70, 33, 35 ], [ 147, 66, 25, 33 ], [ 148, 63, 22, 30 ], 
  [ 148, 70, 36, 30 ], [ 153, 32, 16, 4 ], [ 153, 56, 19, 21 ], 
  [ 154, 48, 12, 16 ], [ 154, 72, 26, 40 ], [ 155, 42, 17, 9 ], 
  [ 156, 30, 4, 6 ], [ 160, 54, 18, 18 ], [ 165, 36, 3, 9 ], 
  [ 170, 78, 35, 36 ], [ 171, 34, 17, 4 ], [ 171, 50, 13, 15 ], 
  [ 171, 60, 15, 24 ], [ 173, 86, 42, 43 ], [ 175, 30, 5, 5 ], 
  [ 175, 66, 29, 22 ], [ 175, 72, 20, 36 ], [ 176, 25, 0, 4 ], 
  [ 176, 40, 12, 8 ], [ 176, 45, 18, 9 ], [ 176, 49, 12, 14 ], 
  [ 176, 70, 18, 34 ], [ 176, 70, 24, 30 ], [ 176, 85, 48, 34 ], 
  [ 181, 90, 44, 45 ], [ 183, 52, 11, 16 ], [ 183, 70, 29, 25 ], 
  [ 185, 92, 45, 46 ], [ 189, 48, 12, 12 ], [ 189, 60, 27, 15 ], 
  [ 189, 88, 37, 44 ], [ 190, 36, 18, 4 ], [ 190, 45, 12, 10 ], 
  [ 190, 84, 33, 40 ], [ 190, 84, 38, 36 ], [ 190, 90, 45, 40 ], 
  [ 193, 96, 47, 48 ], [ 195, 96, 46, 48 ], [ 196, 39, 2, 9 ], 
  [ 196, 60, 23, 16 ], [ 196, 81, 42, 27 ], [ 204, 28, 2, 4 ], 
  [ 204, 63, 22, 18 ], [ 205, 68, 15, 26 ], [ 205, 96, 50, 40 ], 
  [ 208, 45, 8, 10 ], [ 208, 75, 30, 25 ], [ 208, 81, 24, 36 ], 
  [ 209, 52, 15, 12 ], [ 209, 100, 45, 50 ], [ 210, 38, 19, 4 ], 
  [ 216, 90, 39, 36 ], [ 217, 66, 15, 22 ], [ 217, 88, 39, 33 ], 
  [ 220, 72, 22, 24 ], [ 220, 84, 38, 28 ], [ 221, 64, 24, 16 ], 
  [ 222, 51, 20, 9 ], [ 225, 96, 51, 33 ], [ 226, 105, 48, 49 ], 
  [ 229, 114, 56, 57 ], [ 231, 30, 9, 3 ], [ 231, 40, 20, 4 ], 
  [ 231, 70, 21, 21 ], [ 231, 90, 33, 36 ], [ 232, 33, 2, 5 ], 
  [ 232, 63, 14, 18 ], [ 232, 77, 36, 20 ], [ 232, 81, 30, 27 ], 
  [ 233, 116, 57, 58 ], [ 235, 42, 9, 7 ], [ 235, 52, 9, 12 ], 
  [ 236, 55, 18, 11 ], [ 238, 75, 20, 25 ], [ 241, 120, 59, 60 ], 
  [ 243, 66, 9, 21 ], [ 243, 112, 46, 56 ], [ 244, 108, 42, 52 ], 
  [ 244, 117, 60, 52 ], [ 245, 52, 3, 13 ], [ 245, 64, 18, 16 ], 
  [ 245, 108, 39, 54 ], [ 245, 122, 60, 61 ], [ 246, 85, 20, 34 ], 
  [ 246, 105, 36, 51 ], [ 246, 119, 64, 51 ], [ 247, 54, 21, 9 ], 
  [ 249, 88, 27, 33 ], [ 250, 81, 24, 27 ], [ 253, 42, 21, 4 ], 
  [ 253, 112, 36, 60 ], [ 255, 126, 61, 63 ], [ 259, 42, 5, 7 ], 
  [ 260, 70, 15, 20 ], [ 261, 52, 11, 10 ], [ 261, 64, 14, 16 ], 
  [ 261, 80, 25, 24 ], [ 261, 84, 39, 21 ], [ 265, 96, 32, 36 ], 
  [ 266, 45, 0, 9 ], [ 273, 72, 21, 18 ], [ 273, 80, 19, 25 ], 
  [ 273, 102, 41, 36 ], [ 273, 136, 65, 70 ], [ 275, 112, 30, 56 ], 
  [ 276, 44, 22, 4 ], [ 276, 75, 10, 24 ], [ 276, 75, 18, 21 ], 
  [ 276, 110, 52, 38 ], [ 276, 135, 78, 54 ], [ 279, 128, 52, 64 ], 
  [ 280, 36, 8, 4 ], [ 280, 117, 44, 52 ], [ 285, 64, 8, 16 ], 
  [ 286, 95, 24, 35 ], [ 286, 125, 60, 50 ], [ 287, 126, 45, 63 ], 
  [ 288, 105, 52, 30 ], [ 288, 112, 36, 48 ], [ 290, 136, 63, 64 ], 
  [ 293, 146, 72, 73 ], [ 297, 40, 7, 5 ], [ 297, 104, 31, 39 ], 
  [ 297, 128, 64, 48 ], [ 300, 46, 23, 4 ], [ 301, 60, 23, 9 ], 
  [ 301, 108, 27, 45 ], [ 301, 150, 65, 84 ], [ 304, 108, 42, 36 ], 
  [ 305, 76, 27, 16 ], [ 305, 152, 75, 76 ], [ 306, 55, 4, 11 ], 
  [ 306, 60, 10, 12 ], [ 313, 156, 77, 78 ], [ 317, 158, 78, 79 ], 
  [ 319, 150, 65, 75 ], [ 320, 99, 18, 36 ], [ 320, 132, 46, 60 ], 
  [ 322, 96, 20, 32 ], [ 323, 160, 78, 80 ], [ 324, 68, 7, 16 ], 
  [ 324, 95, 34, 25 ], [ 325, 48, 24, 4 ], [ 325, 54, 3, 10 ], 
  [ 325, 60, 15, 10 ], [ 325, 68, 3, 17 ], [ 325, 72, 15, 16 ], 
  [ 325, 144, 68, 60 ], [ 329, 40, 3, 5 ], [ 330, 63, 24, 9 ], 
  [ 336, 80, 28, 16 ], [ 336, 125, 40, 50 ], [ 340, 108, 30, 36 ], 
  [ 341, 70, 15, 14 ], [ 341, 84, 19, 21 ], [ 341, 102, 31, 30 ], 
  [ 342, 33, 4, 3 ], [ 342, 66, 15, 12 ], [ 343, 54, 5, 9 ], 
  [ 343, 102, 21, 34 ], [ 343, 114, 45, 34 ], [ 343, 150, 53, 75 ], 
  [ 343, 162, 81, 72 ], [ 344, 147, 50, 72 ], [ 344, 168, 92, 72 ], 
  [ 345, 120, 35, 45 ], [ 345, 128, 46, 48 ], [ 351, 50, 13, 6 ], 
  [ 351, 50, 25, 4 ], [ 351, 70, 13, 14 ], [ 351, 110, 37, 33 ], 
  [ 351, 112, 43, 32 ], [ 351, 126, 45, 45 ], [ 351, 140, 49, 60 ], 
  [ 351, 140, 73, 44 ], [ 351, 160, 64, 80 ], [ 352, 26, 0, 2 ], 
  [ 352, 36, 0, 4 ], [ 352, 39, 6, 4 ], [ 352, 108, 44, 28 ], 
  [ 352, 117, 36, 40 ], [ 352, 126, 50, 42 ], [ 352, 156, 60, 76 ], 
  [ 352, 171, 90, 76 ], [ 357, 100, 35, 25 ], [ 362, 171, 80, 81 ], 
  [ 363, 170, 73, 85 ], [ 364, 33, 2, 3 ], [ 364, 66, 20, 10 ], 
  [ 364, 88, 12, 24 ], [ 364, 120, 38, 40 ], [ 364, 121, 48, 36 ], 
  [ 364, 165, 68, 80 ], [ 364, 176, 90, 80 ], [ 365, 182, 90, 91 ], 
  [ 369, 184, 91, 92 ], [ 371, 120, 44, 36 ], [ 372, 56, 10, 8 ], 
  [ 373, 186, 92, 93 ], [ 375, 102, 45, 21 ], [ 375, 110, 25, 35 ], 
  [ 375, 136, 44, 52 ], [ 375, 176, 94, 72 ], [ 375, 182, 85, 91 ], 
  [ 376, 105, 32, 28 ], [ 376, 175, 78, 84 ], [ 376, 180, 88, 84 ], 
  [ 377, 180, 81, 90 ], [ 377, 188, 93, 94 ], [ 378, 52, 1, 8 ], 
  [ 378, 52, 26, 4 ], [ 381, 114, 29, 36 ], [ 381, 140, 55, 49 ], 
  [ 385, 60, 5, 10 ], [ 385, 168, 77, 70 ], [ 389, 194, 96, 97 ], 
  [ 391, 140, 39, 56 ], [ 391, 182, 93, 77 ], [ 392, 69, 26, 9 ], 
  [ 392, 153, 54, 63 ], [ 396, 135, 30, 54 ], [ 396, 150, 51, 60 ], 
  [ 397, 198, 98, 99 ], [ 399, 198, 97, 99 ], [ 400, 21, 2, 1 ], 
  [ 400, 56, 6, 8 ], [ 400, 133, 42, 45 ], [ 400, 156, 74, 52 ], 
  [ 405, 96, 18, 24 ], [ 405, 132, 63, 33 ], [ 405, 196, 91, 98 ], 
  [ 406, 54, 27, 4 ], [ 406, 108, 30, 28 ], [ 406, 165, 68, 66 ], 
  [ 406, 189, 84, 91 ], [ 406, 195, 96, 91 ], [ 407, 126, 45, 36 ], 
  [ 408, 176, 70, 80 ], [ 411, 130, 45, 39 ], [ 413, 112, 36, 28 ], 
  [ 414, 63, 12, 9 ], [ 416, 100, 36, 20 ], [ 416, 165, 64, 66 ], 
  [ 418, 147, 56, 49 ], [ 424, 99, 26, 22 ], [ 425, 72, 27, 9 ], 
  [ 425, 160, 60, 60 ], [ 428, 112, 21, 32 ], [ 429, 108, 27, 27 ], 
  [ 430, 39, 8, 3 ], [ 430, 135, 36, 45 ], [ 430, 165, 68, 60 ], 
  [ 435, 56, 28, 4 ], [ 435, 154, 53, 55 ], [ 435, 182, 73, 78 ], 
  [ 437, 100, 15, 25 ], [ 438, 92, 31, 16 ], [ 441, 56, 7, 7 ], 
  [ 441, 88, 35, 13 ], [ 441, 152, 43, 57 ], [ 441, 176, 85, 60 ], 
  [ 441, 184, 87, 69 ], [ 441, 190, 89, 76 ], [ 441, 220, 95, 124 ], 
  [ 442, 210, 99, 100 ], [ 445, 222, 110, 111 ], [ 448, 150, 50, 50 ], 
  [ 448, 162, 66, 54 ], [ 449, 224, 111, 112 ], [ 451, 130, 33, 39 ], 
  [ 451, 156, 57, 52 ], [ 456, 65, 10, 9 ], [ 456, 80, 4, 16 ], 
  [ 456, 130, 24, 42 ], [ 456, 140, 40, 44 ], [ 456, 140, 58, 36 ], 
  [ 456, 175, 78, 60 ], [ 456, 182, 73, 72 ], [ 456, 195, 74, 90 ], 
  [ 457, 228, 113, 114 ], [ 459, 208, 82, 104 ], [ 460, 85, 18, 15 ], 
  [ 460, 99, 18, 22 ], [ 460, 147, 42, 49 ], [ 460, 204, 78, 100 ], 
  [ 460, 216, 116, 88 ], [ 460, 225, 120, 100 ], [ 461, 230, 114, 115 ], 
  [ 465, 58, 29, 4 ], [ 465, 144, 43, 45 ], [ 465, 192, 72, 84 ], 
  [ 470, 126, 27, 36 ], [ 474, 165, 52, 60 ], [ 475, 90, 25, 15 ], 
  [ 475, 96, 32, 16 ], [ 476, 133, 42, 35 ], [ 476, 133, 60, 28 ], 
  [ 477, 140, 31, 45 ], [ 477, 168, 57, 60 ], [ 477, 238, 118, 119 ], 
  [ 481, 240, 119, 120 ], [ 483, 240, 118, 120 ], [ 484, 105, 14, 25 ], 
  [ 484, 138, 47, 36 ], [ 490, 165, 56, 55 ], [ 490, 192, 92, 64 ], 
  [ 494, 85, 12, 15 ], [ 495, 38, 1, 3 ], [ 495, 78, 29, 9 ], 
  [ 495, 104, 28, 20 ], [ 495, 190, 53, 85 ], [ 495, 190, 85, 65 ], 
  [ 495, 208, 86, 88 ], [ 495, 234, 93, 126 ], [ 495, 238, 109, 119 ], 
  [ 496, 54, 4, 6 ], [ 496, 60, 30, 4 ], [ 496, 110, 18, 26 ], 
  [ 496, 135, 38, 36 ], [ 496, 198, 80, 78 ], [ 496, 231, 102, 112 ], 
  [ 496, 240, 120, 112 ], [ 497, 186, 55, 78 ], [ 497, 240, 127, 105 ], 
  [ 498, 161, 64, 46 ], [ 505, 84, 3, 16 ], [ 505, 120, 39, 25 ], 
  [ 505, 180, 53, 70 ], [ 505, 224, 108, 92 ], [ 506, 100, 18, 20 ], 
  [ 507, 138, 49, 33 ], [ 507, 154, 41, 49 ], [ 507, 176, 70, 56 ], 
  [ 507, 184, 71, 64 ], [ 507, 240, 106, 120 ], [ 508, 234, 100, 114 ], 
  [ 508, 247, 126, 114 ], [ 511, 68, 15, 8 ], [ 511, 78, 5, 13 ], 
  [ 512, 133, 24, 38 ], [ 513, 120, 21, 30 ], [ 518, 132, 26, 36 ], 
  [ 525, 128, 28, 32 ], [ 525, 144, 48, 36 ], [ 527, 256, 120, 128 ], 
  [ 528, 62, 31, 4 ], [ 528, 102, 26, 18 ], [ 530, 253, 120, 121 ], 
  [ 532, 81, 30, 9 ], [ 532, 126, 35, 28 ], [ 532, 156, 30, 52 ], 
  [ 532, 243, 114, 108 ], [ 533, 114, 25, 24 ], [ 533, 132, 31, 33 ], 
  [ 533, 154, 45, 44 ], [ 533, 266, 132, 133 ], [ 536, 130, 48, 26 ], 
  [ 539, 234, 81, 117 ], [ 539, 250, 105, 125 ], [ 540, 49, 8, 4 ], 
  [ 540, 77, 22, 9 ], [ 540, 147, 42, 39 ], [ 540, 147, 66, 30 ], 
  [ 540, 154, 43, 44 ], [ 540, 154, 48, 42 ], [ 540, 220, 103, 80 ], 
  [ 540, 231, 78, 114 ], [ 540, 266, 148, 114 ], [ 541, 270, 134, 135 ], 
  [ 544, 180, 58, 60 ], [ 545, 272, 135, 136 ], [ 546, 125, 40, 25 ], 
  [ 549, 274, 136, 137 ], [ 550, 63, 8, 7 ], [ 550, 162, 75, 36 ], 
  [ 550, 192, 72, 64 ], [ 550, 225, 80, 100 ], [ 552, 76, 0, 12 ], 
  [ 553, 72, 11, 9 ], [ 557, 278, 138, 139 ], [ 559, 264, 116, 132 ], 
  [ 560, 208, 72, 80 ], [ 560, 234, 108, 90 ], [ 560, 247, 102, 114 ], 
  [ 561, 60, 9, 6 ], [ 561, 64, 32, 4 ], [ 561, 140, 31, 36 ], 
  [ 561, 176, 55, 55 ], [ 561, 240, 99, 105 ], [ 565, 240, 104, 100 ], 
  [ 565, 282, 140, 141 ], [ 567, 256, 100, 128 ], [ 568, 217, 66, 93 ], 
  [ 568, 252, 96, 124 ], [ 568, 279, 150, 124 ], [ 569, 284, 141, 142 ], 
  [ 575, 112, 45, 16 ], [ 575, 126, 29, 27 ], [ 575, 286, 141, 143 ], 
  [ 576, 115, 18, 24 ], [ 576, 120, 28, 24 ], [ 576, 245, 112, 98 ], 
  [ 583, 96, 14, 16 ], [ 584, 154, 36, 42 ], [ 585, 72, 7, 9 ], 
  [ 585, 200, 55, 75 ], [ 585, 224, 88, 84 ], [ 592, 216, 90, 72 ], 
  [ 595, 66, 33, 4 ], [ 595, 90, 5, 15 ], [ 595, 108, 35, 16 ], 
  [ 595, 114, 33, 19 ], [ 595, 126, 21, 28 ], [ 595, 132, 33, 28 ], 
  [ 595, 144, 18, 40 ], [ 595, 198, 81, 58 ], [ 595, 216, 68, 84 ], 
  [ 598, 192, 56, 64 ], [ 605, 156, 43, 39 ], [ 605, 280, 117, 140 ], 
  [ 606, 105, 4, 21 ], [ 606, 275, 112, 135 ], [ 606, 297, 156, 135 ], 
  [ 609, 224, 91, 77 ], [ 610, 87, 32, 9 ], [ 611, 250, 105, 100 ], 
  [ 612, 156, 50, 36 ], [ 615, 294, 133, 147 ], [ 616, 75, 2, 10 ], 
  [ 616, 120, 20, 24 ], [ 616, 205, 90, 57 ], [ 616, 240, 89, 96 ], 
  [ 616, 270, 108, 126 ], [ 621, 60, 3, 6 ], [ 621, 130, 31, 26 ], 
  [ 621, 144, 24, 36 ], [ 621, 220, 79, 77 ], [ 621, 300, 123, 165 ], 
  [ 624, 98, 22, 14 ], [ 624, 161, 28, 46 ], [ 624, 280, 132, 120 ], 
  [ 625, 112, 15, 21 ], [ 625, 246, 119, 82 ], [ 626, 300, 143, 144 ], 
  [ 629, 314, 156, 157 ], [ 630, 68, 1, 8 ], [ 630, 68, 34, 4 ], 
  [ 636, 250, 95, 100 ], [ 637, 60, 11, 5 ], [ 637, 96, 5, 16 ], 
  [ 637, 176, 60, 44 ], [ 637, 186, 35, 62 ], [ 637, 252, 91, 105 ], 
  [ 637, 318, 158, 159 ], [ 638, 49, 0, 4 ], [ 638, 112, 36, 16 ], 
  [ 638, 189, 60, 54 ], [ 638, 273, 112, 120 ], [ 639, 288, 112, 144 ], 
  [ 640, 153, 44, 34 ], [ 640, 198, 50, 66 ], [ 640, 210, 66, 70 ], 
  [ 640, 213, 72, 70 ], [ 640, 243, 66, 108 ], [ 641, 320, 159, 160 ], 
  [ 645, 140, 31, 30 ], [ 645, 160, 38, 40 ], [ 645, 184, 53, 52 ], 
  [ 645, 210, 85, 60 ], [ 646, 245, 84, 98 ], [ 649, 72, 15, 7 ], 
  [ 649, 216, 63, 76 ], [ 649, 256, 108, 96 ], [ 650, 55, 0, 5 ], 
  [ 650, 253, 108, 92 ], [ 651, 90, 33, 9 ], [ 651, 182, 73, 42 ], 
  [ 651, 200, 55, 64 ], [ 651, 210, 77, 63 ], [ 651, 234, 89, 81 ], 
  [ 653, 326, 162, 163 ], [ 657, 208, 67, 65 ], [ 657, 256, 80, 112 ], 
  [ 657, 328, 147, 180 ], [ 657, 328, 163, 164 ], [ 658, 162, 51, 36 ], 
  [ 661, 330, 164, 165 ], [ 664, 170, 24, 50 ], [ 665, 280, 135, 105 ], 
  [ 666, 70, 35, 4 ], [ 666, 105, 24, 15 ], [ 666, 245, 100, 84 ], 
  [ 667, 96, 0, 16 ], [ 672, 121, 20, 22 ], [ 672, 220, 96, 60 ], 
  [ 672, 275, 130, 100 ], [ 673, 336, 167, 168 ], [ 675, 322, 145, 161 ], 
  [ 675, 336, 166, 168 ], [ 676, 150, 23, 36 ], [ 676, 189, 62, 49 ], 
  [ 676, 225, 54, 85 ], [ 676, 255, 114, 85 ], [ 676, 315, 138, 154 ], 
  [ 676, 330, 168, 154 ], [ 680, 175, 30, 50 ], [ 680, 280, 108, 120 ], 
  [ 682, 240, 92, 80 ], [ 686, 135, 24, 27 ], [ 686, 250, 75, 100 ], 
  [ 689, 256, 120, 80 ], [ 690, 52, 2, 4 ], [ 690, 221, 76, 68 ], 
  [ 690, 260, 94, 100 ], [ 690, 273, 80, 126 ], [ 690, 318, 121, 168 ], 
  [ 693, 180, 51, 45 ], [ 693, 192, 66, 48 ], [ 696, 125, 10, 25 ], 
  [ 697, 96, 20, 12 ], [ 697, 108, 9, 18 ], [ 697, 348, 167, 180 ], 
  [ 700, 216, 54, 72 ], [ 700, 243, 90, 81 ], [ 703, 72, 36, 4 ], 
  [ 703, 182, 81, 35 ], [ 704, 37, 0, 2 ], [ 704, 190, 54, 50 ], 
  [ 704, 228, 52, 84 ], [ 705, 256, 80, 100 ], [ 705, 308, 145, 126 ], 
  [ 711, 70, 5, 7 ], [ 711, 230, 85, 69 ], [ 714, 161, 40, 35 ], 
  [ 714, 248, 97, 80 ], [ 715, 120, 20, 20 ], [ 715, 154, 33, 33 ], 
  [ 715, 224, 48, 80 ], [ 715, 228, 65, 76 ], [ 715, 266, 105, 95 ], 
  [ 715, 272, 102, 104 ], [ 721, 192, 48, 52 ], [ 721, 220, 69, 66 ], 
  [ 721, 324, 147, 144 ], [ 725, 196, 63, 49 ], [ 726, 145, 44, 25 ], 
  [ 726, 300, 95, 144 ], [ 729, 88, 7, 11 ], [ 729, 208, 37, 68 ], 
  [ 729, 248, 67, 93 ], [ 729, 280, 127, 95 ], [ 729, 320, 166, 120 ], 
  [ 729, 328, 127, 164 ], [ 730, 153, 24, 34 ], [ 730, 324, 123, 160 ], 
  [ 730, 351, 168, 169 ], [ 730, 360, 195, 160 ], [ 731, 250, 105, 75 ], 
  [ 732, 238, 92, 70 ], [ 733, 366, 182, 183 ], [ 735, 318, 109, 159 ], 
  [ 735, 360, 172, 180 ], [ 736, 60, 14, 4 ], [ 736, 105, 20, 14 ], 
  [ 736, 168, 32, 40 ], [ 736, 180, 68, 36 ], [ 736, 195, 50, 52 ], 
  [ 736, 270, 114, 90 ], [ 736, 294, 122, 114 ], [ 736, 315, 106, 156 ], 
  [ 736, 330, 140, 154 ], [ 736, 350, 162, 170 ], [ 736, 357, 176, 170 ], 
  [ 736, 364, 204, 156 ], [ 737, 96, 35, 9 ], [ 741, 74, 37, 4 ], 
  [ 741, 180, 39, 45 ], [ 741, 260, 91, 91 ], [ 741, 320, 130, 144 ], 
  [ 742, 221, 60, 68 ], [ 742, 255, 92, 85 ], [ 742, 285, 92, 120 ], 
  [ 742, 351, 180, 153 ], [ 745, 372, 185, 186 ], [ 748, 180, 53, 40 ], 
  [ 750, 343, 168, 147 ], [ 754, 243, 72, 81 ], [ 755, 130, 9, 25 ], 
  [ 755, 174, 53, 36 ], [ 756, 130, 4, 26 ], [ 756, 150, 28, 30 ], 
  [ 756, 315, 138, 126 ], [ 757, 378, 188, 189 ], [ 760, 143, 30, 26 ], 
  [ 760, 161, 30, 35 ], [ 760, 165, 20, 40 ], [ 760, 220, 72, 60 ], 
  [ 760, 252, 82, 84 ], [ 760, 264, 68, 104 ], [ 760, 345, 176, 140 ], 
  [ 761, 380, 189, 190 ], [ 765, 176, 28, 44 ], [ 765, 192, 48, 48 ], 
  [ 768, 117, 16, 18 ], [ 768, 325, 120, 150 ], [ 769, 384, 191, 192 ], 
  [ 771, 266, 85, 95 ], [ 773, 386, 192, 193 ], [ 775, 150, 45, 25 ], 
  [ 775, 288, 98, 112 ], [ 776, 124, 39, 16 ], [ 779, 378, 177, 189 ], 
  [ 780, 76, 38, 4 ], [ 780, 369, 158, 189 ], [ 781, 290, 93, 116 ], 
  [ 781, 348, 167, 145 ], [ 782, 99, 36, 9 ], [ 783, 230, 49, 75 ], 
  [ 783, 390, 193, 195 ], [ 784, 90, 12, 10 ], [ 784, 228, 42, 76 ], 
  [ 784, 261, 108, 76 ], [ 784, 348, 182, 132 ], [ 792, 105, 6, 15 ], 
  [ 792, 259, 106, 74 ], [ 792, 336, 140, 144 ], [ 792, 350, 160, 150 ], 
  [ 793, 162, 21, 36 ], [ 793, 280, 87, 105 ], [ 793, 330, 147, 130 ], 
  [ 800, 187, 42, 44 ], [ 800, 340, 150, 140 ], [ 800, 357, 148, 168 ], 
  [ 800, 376, 204, 152 ], [ 804, 143, 22, 26 ], [ 805, 324, 123, 135 ], 
  [ 805, 336, 140, 140 ], [ 806, 180, 54, 36 ], [ 813, 252, 71, 81 ], 
  [ 813, 290, 109, 100 ], [ 816, 315, 114, 126 ], [ 816, 325, 128, 130 ], 
  [ 817, 240, 83, 65 ], [ 819, 400, 190, 200 ], [ 820, 78, 39, 4 ], 
  [ 820, 90, 8, 10 ], [ 820, 147, 18, 28 ], [ 820, 182, 48, 38 ], 
  [ 820, 210, 35, 60 ], [ 820, 234, 68, 66 ], [ 820, 315, 122, 120 ], 
  [ 820, 390, 180, 190 ], [ 820, 399, 198, 190 ], [ 825, 96, 4, 12 ], 
  [ 825, 128, 40, 16 ], [ 825, 280, 75, 105 ], [ 825, 320, 130, 120 ], 
  [ 825, 392, 175, 196 ], [ 826, 105, 8, 14 ], [ 826, 132, 26, 20 ], 
  [ 826, 385, 168, 189 ], [ 826, 405, 208, 189 ], [ 832, 306, 130, 102 ], 
  [ 833, 112, 21, 14 ], [ 833, 130, 21, 20 ], [ 833, 232, 81, 58 ], 
  [ 833, 256, 84, 76 ], [ 836, 160, 24, 32 ], [ 836, 375, 190, 150 ], 
  [ 837, 76, 15, 6 ], [ 837, 176, 40, 36 ], [ 837, 196, 35, 49 ], 
  [ 837, 286, 85, 104 ], [ 837, 308, 127, 105 ], [ 837, 396, 195, 180 ], 
  [ 842, 406, 195, 196 ], [ 845, 204, 43, 51 ], [ 845, 256, 108, 64 ], 
  [ 845, 396, 171, 198 ], [ 845, 422, 210, 211 ], [ 846, 169, 24, 36 ], 
  [ 846, 208, 60, 48 ], [ 846, 260, 70, 84 ], [ 846, 390, 165, 192 ], 
  [ 846, 416, 217, 192 ], [ 847, 94, 21, 9 ], [ 847, 144, 26, 24 ], 
  [ 847, 270, 109, 75 ], [ 847, 282, 81, 100 ], [ 847, 300, 117, 100 ], 
  [ 847, 360, 143, 160 ], [ 847, 390, 161, 195 ], [ 848, 121, 24, 16 ], 
  [ 848, 231, 70, 60 ], [ 848, 297, 96, 108 ], [ 848, 385, 156, 190 ], 
  [ 848, 418, 222, 190 ], [ 850, 261, 64, 87 ], [ 850, 336, 164, 112 ], 
  [ 851, 306, 97, 117 ], [ 851, 360, 163, 144 ], [ 853, 426, 212, 213 ], 
  [ 855, 126, 21, 18 ], [ 855, 168, 20, 36 ], [ 855, 182, 37, 39 ], 
  [ 855, 294, 93, 105 ], [ 855, 336, 150, 120 ], [ 856, 95, 6, 11 ], 
  [ 856, 120, 21, 16 ], [ 856, 209, 72, 44 ], [ 857, 428, 213, 214 ], 
  [ 861, 80, 40, 4 ], [ 861, 140, 31, 21 ], [ 861, 280, 105, 84 ], 
  [ 861, 300, 103, 105 ], [ 861, 380, 163, 171 ], [ 865, 432, 215, 216 ], 
  [ 867, 416, 190, 208 ], [ 868, 300, 110, 100 ], [ 868, 408, 182, 200 ], 
  [ 868, 425, 216, 200 ], [ 871, 60, 5, 4 ], [ 871, 144, 22, 24 ], 
  [ 871, 348, 137, 140 ], [ 872, 208, 54, 48 ], [ 873, 436, 217, 218 ], 
  [ 875, 114, 13, 15 ], [ 875, 304, 78, 120 ], [ 875, 432, 210, 216 ], 
  [ 876, 105, 38, 9 ], [ 876, 280, 92, 88 ], [ 876, 420, 198, 204 ], 
  [ 876, 425, 208, 204 ], [ 877, 438, 218, 219 ], [ 880, 270, 66, 90 ], 
  [ 880, 294, 98, 98 ], [ 881, 440, 219, 220 ], [ 885, 260, 55, 85 ], 
  [ 889, 222, 35, 62 ], [ 889, 288, 112, 84 ], [ 891, 90, 9, 9 ], 
  [ 891, 290, 109, 87 ], [ 891, 320, 148, 96 ], [ 891, 390, 189, 156 ], 
  [ 894, 304, 86, 112 ], [ 896, 180, 36, 36 ], [ 896, 220, 84, 44 ], 
  [ 896, 385, 180, 154 ], [ 897, 126, 15, 18 ], [ 899, 448, 222, 224 ], 
  [ 900, 203, 34, 49 ], [ 900, 248, 79, 64 ], [ 901, 60, 3, 4 ], 
  [ 901, 200, 45, 44 ], [ 901, 224, 54, 56 ], [ 901, 252, 71, 70 ], 
  [ 903, 82, 41, 4 ], [ 903, 286, 89, 91 ], [ 903, 396, 165, 180 ], 
  [ 904, 301, 78, 111 ], [ 904, 378, 177, 144 ], [ 910, 405, 180, 180 ], 
  [ 913, 192, 56, 36 ], [ 918, 392, 166, 168 ], [ 923, 432, 186, 216 ], 
  [ 924, 208, 42, 48 ], [ 924, 273, 72, 84 ], [ 924, 312, 76, 120 ], 
  [ 925, 108, 39, 9 ], [ 925, 220, 75, 45 ], [ 925, 330, 95, 130 ], 
  [ 925, 336, 104, 132 ], [ 925, 374, 123, 170 ], [ 925, 378, 143, 162 ], 
  [ 925, 384, 158, 160 ], [ 925, 448, 192, 240 ], [ 928, 300, 90, 100 ], 
  [ 928, 441, 224, 196 ], [ 931, 120, 11, 16 ], [ 931, 138, 5, 23 ], 
  [ 931, 162, 33, 27 ], [ 931, 180, 29, 36 ], [ 931, 248, 60, 68 ], 
  [ 931, 280, 84, 84 ], [ 931, 372, 143, 152 ], [ 931, 390, 173, 156 ], 
  [ 931, 450, 241, 195 ], [ 935, 448, 204, 224 ], [ 936, 102, 3, 12 ], 
  [ 936, 110, 4, 14 ], [ 936, 187, 18, 42 ], [ 936, 200, 52, 40 ], 
  [ 936, 255, 78, 66 ], [ 936, 330, 120, 114 ], [ 936, 374, 157, 144 ], 
  [ 936, 374, 184, 126 ], [ 936, 375, 150, 150 ], [ 936, 396, 150, 180 ], 
  [ 936, 425, 184, 200 ], [ 945, 64, 8, 4 ], [ 945, 176, 31, 33 ], 
  [ 945, 304, 103, 95 ], [ 945, 384, 138, 168 ], [ 945, 432, 207, 189 ], 
  [ 945, 460, 217, 230 ], [ 946, 84, 42, 4 ], [ 946, 243, 60, 63 ], 
  [ 946, 273, 80, 78 ], [ 946, 360, 138, 136 ], [ 946, 450, 207, 220 ], 
  [ 946, 462, 231, 220 ], [ 949, 84, 11, 7 ], [ 950, 312, 115, 96 ], 
  [ 950, 364, 138, 140 ], [ 952, 351, 150, 117 ], [ 957, 256, 80, 64 ], 
  [ 960, 154, 38, 22 ], [ 960, 273, 76, 78 ], [ 960, 364, 108, 156 ], 
  [ 962, 465, 224, 225 ], [ 965, 482, 240, 241 ], [ 969, 176, 13, 36 ], 
  [ 969, 198, 57, 36 ], [ 969, 392, 175, 147 ], [ 970, 380, 162, 140 ], 
  [ 973, 272, 96, 68 ], [ 975, 462, 205, 231 ], [ 976, 117, 28, 12 ], 
  [ 976, 273, 92, 70 ], [ 976, 300, 128, 76 ], [ 976, 455, 198, 224 ], 
  [ 976, 480, 248, 224 ], [ 977, 488, 243, 244 ], [ 980, 88, 6, 8 ], 
  [ 980, 99, 18, 9 ], [ 980, 178, 60, 26 ], [ 980, 385, 168, 140 ], 
  [ 981, 140, 43, 16 ], [ 981, 340, 115, 119 ], [ 981, 392, 133, 172 ], 
  [ 981, 480, 254, 216 ], [ 981, 490, 244, 245 ], [ 985, 492, 245, 246 ], 
  [ 986, 180, 18, 36 ], [ 987, 170, 49, 25 ], [ 988, 140, 18, 20 ], 
  [ 989, 484, 231, 242 ], [ 990, 86, 43, 4 ], [ 993, 310, 89, 100 ], 
  [ 993, 352, 131, 121 ], [ 997, 498, 248, 249 ], [ 999, 448, 172, 224 ], 
  [ 1000, 117, 18, 13 ], [ 1000, 207, 30, 46 ], [ 1000, 222, 60, 46 ], 
  [ 1000, 270, 80, 70 ], [ 1000, 333, 108, 112 ], [ 1000, 336, 114, 112 ], 
  [ 1000, 444, 168, 220 ], [ 1000, 486, 219, 252 ], [ 1000, 495, 270, 220 ], 
  [ 1001, 136, 27, 17 ], [ 1001, 150, 13, 24 ], [ 1001, 160, 12, 28 ], 
  [ 1001, 280, 63, 84 ], [ 1001, 300, 103, 84 ], [ 1001, 384, 152, 144 ], 
  [ 1001, 450, 207, 198 ], [ 1003, 300, 65, 100 ], [ 1007, 486, 225, 243 ], 
  [ 1008, 57, 6, 3 ], [ 1008, 456, 194, 216 ], [ 1008, 475, 250, 200 ], 
  [ 1009, 504, 251, 252 ], [ 1012, 336, 110, 112 ], [ 1013, 506, 252, 253 ], 
  [ 1015, 150, 5, 25 ], [ 1015, 182, 21, 35 ], [ 1015, 312, 113, 88 ], 
  [ 1016, 259, 42, 74 ], [ 1017, 344, 91, 129 ], [ 1017, 508, 253, 254 ], 
  [ 1021, 510, 254, 255 ], [ 1023, 336, 90, 120 ], [ 1023, 510, 253, 255 ], 
  [ 1024, 378, 162, 126 ], [ 1026, 205, 28, 44 ], [ 1026, 220, 58, 44 ], 
  [ 1026, 325, 100, 104 ], [ 1026, 385, 128, 154 ], [ 1026, 400, 124, 176 ], 
  [ 1026, 420, 177, 168 ], [ 1026, 451, 212, 187 ], [ 1027, 114, 41, 9 ], 
  [ 1027, 342, 81, 130 ], [ 1027, 450, 225, 175 ], [ 1029, 260, 67, 65 ], 
  [ 1029, 288, 102, 72 ], [ 1029, 500, 235, 250 ], [ 1030, 490, 225, 240 ], 
  [ 1030, 504, 253, 240 ], [ 1035, 88, 44, 4 ], [ 1035, 330, 105, 105 ], 
  [ 1035, 440, 196, 180 ], [ 1035, 462, 201, 210 ], [ 1035, 490, 217, 245 ], 
  [ 1036, 144, 44, 16 ], [ 1036, 230, 33, 56 ], [ 1036, 285, 84, 76 ], 
  [ 1036, 375, 110, 150 ], [ 1036, 405, 138, 171 ], [ 1036, 483, 210, 238 ], 
  [ 1036, 483, 242, 210 ], [ 1036, 510, 264, 238 ], [ 1041, 336, 115, 105 ], 
  [ 1044, 168, 42, 24 ], [ 1044, 175, 50, 25 ], [ 1045, 234, 53, 52 ], 
  [ 1045, 260, 63, 65 ], [ 1045, 276, 83, 69 ], [ 1045, 290, 81, 80 ], 
  [ 1045, 324, 123, 90 ], [ 1045, 384, 108, 160 ], [ 1045, 396, 143, 154 ], 
  [ 1053, 240, 36, 60 ], [ 1053, 252, 51, 63 ], [ 1054, 363, 132, 121 ], 
  [ 1054, 441, 168, 196 ], [ 1055, 186, 17, 36 ], [ 1055, 238, 69, 49 ], 
  [ 1056, 210, 40, 42 ], [ 1058, 364, 165, 104 ], [ 1060, 324, 78, 108 ], 
  [ 1065, 266, 103, 54 ], [ 1065, 364, 113, 130 ], [ 1065, 416, 172, 156 ], 
  [ 1066, 336, 92, 112 ], [ 1067, 208, 42, 40 ], [ 1068, 275, 58, 75 ], 
  [ 1071, 110, 13, 11 ], [ 1071, 320, 94, 96 ], [ 1071, 350, 133, 105 ], 
  [ 1072, 252, 56, 60 ], [ 1072, 261, 80, 58 ], [ 1072, 345, 102, 115 ], 
  [ 1072, 391, 150, 138 ], [ 1073, 64, 0, 4 ], [ 1075, 192, 44, 32 ], 
  [ 1075, 210, 65, 35 ], [ 1078, 375, 140, 125 ], [ 1079, 238, 57, 51 ], 
  [ 1080, 117, 42, 9 ], [ 1080, 221, 22, 51 ], [ 1080, 442, 196, 170 ], 
  [ 1081, 90, 45, 4 ], [ 1081, 486, 177, 252 ], [ 1083, 522, 241, 261 ], 
  [ 1084, 513, 232, 252 ], [ 1084, 532, 270, 252 ], [ 1085, 256, 48, 64 ], 
  [ 1086, 155, 4, 25 ], [ 1086, 210, 59, 36 ], [ 1089, 320, 67, 105 ], 
  [ 1089, 408, 177, 138 ], [ 1089, 500, 205, 250 ], [ 1090, 441, 152, 196 ], 
  [ 1090, 495, 200, 245 ], [ 1090, 528, 255, 256 ], [ 1090, 539, 288, 245 ], 
  [ 1093, 546, 272, 273 ], [ 1096, 285, 68, 76 ], [ 1097, 548, 273, 274 ], 
  [ 1100, 315, 90, 90 ], [ 1100, 343, 126, 98 ], [ 1100, 483, 218, 207 ], 
  [ 1105, 80, 15, 5 ], [ 1105, 138, 11, 18 ], [ 1105, 208, 39, 39 ], 
  [ 1105, 336, 95, 105 ], [ 1105, 378, 135, 126 ], [ 1105, 552, 275, 276 ], 
  [ 1106, 340, 114, 100 ], [ 1106, 403, 132, 155 ], [ 1106, 465, 208, 186 ], 
  [ 1107, 378, 117, 135 ], [ 1109, 554, 276, 277 ], [ 1111, 110, 9, 11 ], 
  [ 1112, 396, 135, 144 ], [ 1116, 245, 70, 49 ], [ 1117, 558, 278, 279 ], 
  [ 1120, 363, 110, 121 ], [ 1120, 390, 146, 130 ], [ 1122, 209, 16, 44 ], 
  [ 1125, 288, 78, 72 ], [ 1125, 308, 103, 77 ], [ 1125, 562, 280, 281 ], 
  [ 1128, 92, 46, 4 ], [ 1128, 196, 24, 36 ], [ 1128, 245, 28, 60 ], 
  [ 1128, 322, 116, 82 ], [ 1129, 564, 281, 282 ], [ 1131, 320, 76, 96 ], 
  [ 1134, 275, 40, 75 ], [ 1134, 308, 82, 84 ], [ 1134, 418, 157, 152 ], 
  [ 1135, 216, 45, 40 ], [ 1135, 238, 45, 51 ], [ 1136, 280, 108, 56 ], 
  [ 1140, 306, 60, 90 ], [ 1140, 391, 126, 138 ], [ 1140, 469, 158, 217 ], 
  [ 1140, 476, 202, 196 ], [ 1140, 544, 228, 288 ], [ 1144, 243, 42, 54 ], 
  [ 1144, 408, 162, 136 ], [ 1144, 495, 206, 220 ], [ 1145, 572, 285, 286 ], 
  [ 1147, 216, 60, 36 ], [ 1148, 481, 210, 195 ], [ 1150, 351, 84, 117 ], 
  [ 1153, 576, 287, 288 ], [ 1155, 576, 286, 288 ], [ 1156, 264, 47, 64 ], 
  [ 1156, 315, 98, 81 ], [ 1156, 345, 74, 115 ], [ 1156, 540, 293, 216 ], 
  [ 1156, 567, 258, 297 ], [ 1160, 304, 78, 80 ], [ 1160, 532, 234, 252 ], 
  [ 1161, 136, 7, 17 ], [ 1161, 360, 99, 117 ], [ 1161, 380, 145, 114 ], 
  [ 1166, 220, 30, 44 ], [ 1170, 322, 79, 92 ], [ 1170, 350, 115, 100 ], 
  [ 1170, 476, 178, 204 ], [ 1176, 94, 47, 4 ], [ 1176, 275, 58, 66 ], 
  [ 1176, 400, 120, 144 ], [ 1176, 460, 173, 184 ], [ 1176, 470, 193, 184 ], 
  [ 1176, 525, 238, 231 ], [ 1176, 550, 224, 286 ], [ 1177, 204, 41, 34 ], 
  [ 1177, 224, 36, 44 ], [ 1178, 99, 0, 9 ], [ 1183, 192, 26, 32 ], 
  [ 1183, 372, 101, 124 ], [ 1183, 450, 205, 150 ], [ 1183, 552, 236, 276 ], 
  [ 1184, 154, 6, 22 ], [ 1184, 546, 230, 270 ], [ 1184, 585, 308, 270 ], 
  [ 1189, 132, 11, 15 ], [ 1189, 216, 35, 40 ], [ 1189, 396, 135, 130 ], 
  [ 1189, 588, 287, 294 ], [ 1190, 123, 44, 9 ], [ 1190, 145, 0, 20 ], 
  [ 1191, 374, 109, 121 ], [ 1191, 420, 155, 144 ], [ 1196, 250, 60, 50 ], 
  [ 1197, 156, 15, 21 ], [ 1197, 300, 75, 75 ], [ 1197, 364, 91, 119 ], 
  [ 1197, 368, 124, 108 ], [ 1197, 390, 141, 120 ], [ 1197, 416, 190, 120 ], 
  [ 1197, 460, 139, 200 ], [ 1197, 546, 245, 252 ], [ 1197, 598, 289, 308 ], 
  [ 1199, 550, 225, 275 ], [ 1200, 198, 15, 36 ], [ 1200, 407, 118, 148 ], 
  [ 1200, 539, 238, 245 ], [ 1205, 448, 150, 176 ], [ 1205, 516, 235, 210 ], 
  [ 1206, 490, 203, 196 ], [ 1208, 459, 150, 189 ], [ 1210, 156, 47, 16 ], 
  [ 1210, 351, 108, 99 ], [ 1210, 372, 119, 112 ], [ 1210, 399, 128, 133 ], 
  [ 1212, 525, 230, 225 ], [ 1215, 544, 208, 272 ], [ 1215, 574, 253, 287 ], 
  [ 1215, 598, 289, 299 ], [ 1216, 90, 14, 6 ], [ 1216, 135, 6, 16 ], 
  [ 1216, 144, 24, 16 ], [ 1216, 162, 18, 22 ], [ 1216, 165, 24, 22 ], 
  [ 1216, 270, 38, 66 ], [ 1216, 375, 150, 100 ], [ 1216, 405, 144, 130 ], 
  [ 1216, 465, 164, 186 ], [ 1216, 540, 204, 268 ], [ 1216, 567, 246, 280 ], 
  [ 1216, 585, 276, 286 ], [ 1216, 594, 294, 286 ], [ 1216, 600, 312, 280 ], 
  [ 1216, 603, 330, 268 ], [ 1221, 324, 99, 81 ], [ 1221, 500, 175, 225 ], 
  [ 1221, 610, 279, 330 ], [ 1222, 481, 180, 195 ], [ 1222, 528, 212, 240 ], 
  [ 1225, 96, 48, 4 ], [ 1225, 168, 35, 21 ], [ 1225, 264, 63, 55 ], 
  [ 1225, 384, 138, 112 ], [ 1225, 480, 200, 180 ], [ 1225, 520, 255, 195 ], 
  [ 1226, 595, 288, 289 ], [ 1229, 614, 306, 307 ], [ 1233, 396, 129, 126 ], 
  [ 1233, 532, 231, 228 ], [ 1233, 616, 307, 308 ], [ 1236, 95, 10, 7 ], 
  [ 1236, 195, 34, 30 ], [ 1236, 500, 205, 200 ], [ 1237, 618, 308, 309 ], 
  [ 1240, 231, 38, 44 ], [ 1240, 294, 68, 70 ], [ 1240, 483, 194, 184 ], 
  [ 1240, 567, 246, 270 ], [ 1241, 160, 24, 20 ], [ 1241, 310, 81, 76 ], 
  [ 1241, 490, 189, 196 ], [ 1241, 620, 309, 310 ], [ 1242, 476, 205, 168 ], 
  [ 1247, 126, 45, 9 ], [ 1248, 203, 22, 35 ], [ 1248, 522, 246, 198 ], 
  [ 1249, 624, 311, 312 ], [ 1251, 270, 73, 54 ], [ 1254, 203, 52, 29 ], 
  [ 1254, 560, 262, 240 ], [ 1258, 432, 156, 144 ], [ 1261, 492, 171, 205 ], 
  [ 1261, 574, 279, 246 ], [ 1261, 630, 314, 315 ], [ 1265, 480, 185, 180 ], 
  [ 1266, 385, 96, 126 ], [ 1266, 460, 186, 156 ], [ 1267, 186, 5, 31 ], 
  [ 1269, 288, 42, 72 ], [ 1270, 261, 36, 58 ], [ 1271, 160, 48, 16 ], 
  [ 1274, 228, 62, 36 ], [ 1274, 475, 180, 175 ], [ 1274, 513, 192, 216 ], 
  [ 1275, 98, 13, 7 ], [ 1275, 98, 49, 4 ], [ 1275, 234, 33, 45 ], 
  [ 1275, 266, 49, 57 ], [ 1275, 336, 134, 72 ], [ 1275, 350, 85, 100 ], 
  [ 1275, 364, 113, 100 ], [ 1275, 442, 153, 153 ], [ 1275, 490, 185, 190 ], 
  [ 1275, 490, 225, 165 ], [ 1275, 504, 228, 180 ], [ 1275, 546, 281, 198 ], 
  [ 1275, 572, 247, 264 ], [ 1276, 50, 0, 2 ], [ 1276, 204, 14, 36 ], 
  [ 1276, 315, 58, 84 ], [ 1276, 330, 77, 88 ], [ 1276, 425, 144, 140 ], 
  [ 1276, 459, 202, 144 ], [ 1276, 600, 284, 280 ], [ 1277, 638, 318, 319 ], 
  [ 1281, 440, 145, 154 ], [ 1281, 540, 243, 216 ], [ 1285, 528, 212, 220 ], 
  [ 1285, 642, 320, 321 ], [ 1288, 162, 36, 18 ], [ 1288, 195, 26, 30 ], 
  [ 1288, 195, 54, 25 ], [ 1288, 234, 80, 34 ], [ 1288, 315, 98, 70 ], 
  [ 1288, 429, 180, 124 ], [ 1288, 462, 161, 168 ], [ 1288, 495, 206, 180 ], 
  [ 1288, 567, 246, 252 ], [ 1289, 644, 321, 322 ], [ 1295, 646, 321, 323 ], 
  [ 1296, 185, 40, 24 ], [ 1296, 185, 58, 21 ], [ 1296, 250, 40, 50 ], 
  [ 1296, 343, 70, 98 ], [ 1296, 518, 175, 228 ], [ 1296, 518, 220, 198 ], 
  [ 1296, 555, 274, 210 ], [ 1300, 432, 142, 144 ], [ 1300, 441, 154, 147 ], 
  [ 1300, 516, 254, 172 ] ];
