failed_pds_param :=
[[10, 3, 0, 1],
[26, 10, 3, 4],
[36, 14, 7, 4],
[40, 12, 2, 4],
[50, 21, 8, 9],
[56, 10, 0, 2],
[66, 20, 10, 4],
[70, 27, 12, 9],
[78, 22, 11, 4],
[82, 36, 15, 16],
[100, 33, 14, 9],
[105, 40, 15, 15],
[112, 30, 2, 10],
[112, 36, 10, 12],
[120, 28, 14, 4],
[120, 42, 8, 18],
[122, 55, 24, 25],
[126, 25, 8, 4],
[126, 50, 13, 24],
[126, 60, 33, 24],
[130, 48, 20, 16],
[135, 64, 28, 32],
[136, 30, 15, 4],
[154, 48, 12, 16],
[154, 72, 26, 40],
[156, 30, 4, 6],
[165, 36, 3, 9],
[170, 78, 35, 36],
[171, 50, 13, 15],
[176, 40, 12, 8],
[176, 49, 12, 14],
[189, 60, 27, 15],
[189, 88, 37, 44],
[190, 36, 18, 4],
[190, 45, 12, 10],
[190, 84, 33, 40],
[190, 84, 38, 36],
[190, 90, 45, 40],
[196, 39, 2, 9],
[196, 60, 23, 16],
[196, 81, 42, 27],
[204, 28, 2, 4],
[204, 63, 22, 18],
[208, 45, 8, 10],
[210, 38, 19, 4],
[220, 72, 22, 24],
[220, 84, 38, 28],
[222, 51, 20, 9],
[226, 105, 48, 49],
[231, 70, 21, 21],
[238, 75, 20, 25],
[243, 66, 9, 21],
[246, 85, 20, 34],
[246, 105, 36, 51],
[246, 119, 64, 51],
[260, 70, 15, 20],
[266, 45, 0, 9],
[273, 72, 21, 18],
[273, 136, 65, 70],
[276, 44, 22, 4],
[276, 75, 10, 24],
[276, 75, 18, 21],
[276, 110, 52, 38],
[276, 135, 78, 54],
[280, 36, 8, 4],
[280, 117, 44, 52],
[286, 95, 24, 35],
[286, 125, 60, 50],
[288, 105, 52, 30],
[288, 112, 36, 48],
[290, 136, 63, 64],
[297, 40, 7, 5],
[297, 104, 31, 39],
[300, 46, 23, 4],
[306, 55, 4, 11],
[306, 60, 10, 12],
[322, 96, 20, 32],
[324, 68, 7, 16],
[324, 95, 34, 25],
[330, 63, 24, 9],
[336, 80, 28, 16],
[336, 125, 40, 50],
[340, 108, 30, 36],
[342, 33, 4, 3],
[342, 66, 15, 12],
[343, 162, 81, 72],
[351, 70, 13, 14],
[351, 140, 49, 60],
[351, 160, 64, 80],
[352, 26, 0, 2],
[352, 108, 44, 28],
[352, 126, 50, 42],
[362, 171, 80, 81],
[364, 33, 2, 3],
[364, 66, 20, 10],
[364, 88, 12, 24],
[364, 120, 38, 40],
[364, 121, 48, 36],
[364, 165, 68, 80],
[364, 176, 90, 80],
[372, 56, 10, 8],
[375, 102, 45, 21],
[375, 176, 94, 72],
[375, 182, 85, 91],
[378, 52, 1, 8],
[378, 52, 26, 4],
[385, 60, 5, 10],
[385, 168, 77, 70],
[392, 69, 26, 9],
[392, 153, 54, 63],
[396, 135, 30, 54],
[396, 150, 51, 60],
[399, 198, 97, 99],
[400, 21, 2, 1],
[400, 56, 6, 8],
[400, 133, 42, 45],
[405, 132, 63, 33],
[405, 196, 91, 98],
[406, 54, 27, 4],
[406, 108, 30, 28],
[406, 165, 68, 66],
[406, 189, 84, 91],
[406, 195, 96, 91],
[408, 176, 70, 80],
[414, 63, 12, 9],
[416, 100, 36, 20],
[416, 165, 64, 66],
[416, 165, 64, 66],
[418, 147, 56, 49],
[430, 39, 8, 3],
[430, 135, 36, 45],
[430, 165, 68, 60],
[438, 92, 31, 16],
[441, 56, 7, 7],
[441, 190, 89, 76],
[441, 220, 95, 124],
[442, 210, 99, 100],
[456, 65, 10, 9],
[456, 80, 4, 16],
[456, 130, 24, 42],
[456, 140, 40, 44],
[456, 140, 58, 36],
[456, 175, 78, 60],
[456, 182, 73, 72],
[456, 195, 74, 90],
[460, 85, 18, 15],
[460, 99, 18, 22],
[460, 147, 42, 49],
[460, 204, 78, 100],
[460, 216, 116, 88],
[460, 225, 120, 100],
[465, 144, 43, 45],
[470, 126, 27, 36],
[474, 165, 52, 60],
[476, 133, 42, 35],
[476, 133, 60, 28],
[484, 105, 14, 25],
[484, 138, 47, 36],
[490, 165, 56, 55],
[490, 192, 92, 64],
[494, 85, 12, 15],
[495, 190, 85, 65],
[495, 208, 86, 88],
[495, 238, 109, 119],
[496, 54, 4, 6],
[498, 161, 64, 46],
[506, 100, 18, 20],
[528, 62, 31, 4],
[530, 253, 120, 121],
[532, 81, 30, 9],
[546, 125, 40, 25],
[606, 105, 4, 21],
[610, 87, 32, 9],
[626, 300, 143, 144],
[630, 68, 1, 8],
[636, 250, 95, 100],
[658, 162, 51, 36],
[666, 70, 35, 4],
[676, 150, 23, 36],
[676, 189, 62, 49],
[690, 318, 121, 168],
[696, 125, 10, 25],
[700, 243, 90, 81],
[714, 161, 40, 35],
[714, 248, 97, 80],
[726, 145, 44, 25],
[730, 351, 168, 169],
[741, 74, 37, 4],
[742, 255, 92, 85],
[742, 351, 180, 153],
[748, 180, 53, 40],
[754, 243, 72, 81],
[760, 161, 30, 35],
[776, 124, 39, 16],
[780, 369, 158, 189],
[782, 99, 36, 9],
[820, 78, 39, 4],
[842, 406, 195, 196],
[876, 105, 38, 9],
[900, 203, 34, 49],
[900, 248, 79, 64],
[904, 301, 78, 111],
[904, 378, 177, 144],
[946, 243, 60, 63],
[952, 351, 150, 117],
[962, 465, 224, 225],
[990, 86, 43, 4],
[1000, 117, 18, 13],
[1026, 451, 212, 187],
[1036, 405, 138, 171],
[1044, 175, 50, 25],
[1054, 363, 132, 121],
[1086, 155, 4, 25],
[1086, 210, 59, 36],
[1090, 528, 255, 256],
[1106, 403, 132, 155],
[1116, 245, 70, 49],
[1120, 363, 110, 121],
[1140, 469, 158, 217],
[1148, 481, 210, 195],
[1155, 576, 286, 288],
[1156, 264, 47, 64],
[1156, 315, 98, 81],
[1176, 94, 47, 4],
[1178, 99, 0, 9],
[1190, 123, 44, 9],
[1206, 490, 203, 196],
[1210, 156, 47, 16],
[1212, 525, 230, 225],
[1222, 481, 180, 195],
[1226, 595, 288, 289],
[1236, 95, 10, 7],
[1236, 500, 205, 200],
[1248, 203, 22, 35],
[1254, 203, 52, 29]];
